2.835
3.142
3.126
3.010
3.302
3.432
3.057
3.539
1.919
3.493
6.775
5.437
-1.700
0.384
8.166
7.249
-13.245
-16.000
-2.500
13.565
-8.032
-4.137
20.312
48.967
-7.897
-47.560
-11.736
-0.744
25.045
22.829
-33.045
-28.906
65.676
63.384
-33.754
-13.496
1.550
27.532
8.626
-88.632
-135.448
-66.515
-16.787
-30.512
107.684
151.377
159.861
86.428
-56.363
-316.736
-296.439
-77.278
70.465
183.612
340.485
268.821
-206.521
-382.307
-196.335
165.722
483.639
628.441
43.386
-398.066
-220.419
-342.694
-266.260
-232.482
14.966
15.669
103.520
-125.094
-323.336
-5.800
345.855
240.013
-225.926
-200.781
-147.397
207.730
153.506
-23.226
124.682
247.972
264.503
-95.923
-10.132
135.341
209.790
254.080
111.280
-23.344
420.625
1082.787
1598.867
1303.791
-278.641
-2041.075
-2727.139
-2430.526
-1346.770
-62.831
719.674
645.275
470.574
621.053
968.724
766.234
308.258
-526.634
-1332.730
-1140.318
-202.300
229.934
32.601
219.048
459.957
457.915
-18.967
-766.508
-305.761
764.115
1322.537
811.005
-331.362
-931.575
-307.843
498.017
264.659
-762.735
-1087.481
108.418
1405.638
1549.675
807.254
-370.137
-806.050
-566.221
-183.168
259.745
672.642
476.571
-357.717
-1279.418
-1613.662
-1333.729
-758.934
-68.337
481.200
555.543
140.638
-260.476
-202.731
51.909
126.103
-13.966
-91.449
273.822
406.567
420.100
638.530
1032.992
1281.631
1181.045
1122.699
1073.470
1048.792
1026.048
725.089
104.998
-816.748
-1643.497
-2327.316
-2683.541
-2547.313
-1969.109
-1056.191
101.963
1152.421
1851.747
1872.086
866.914
-757.167
-1957.086
-2263.171
-2248.721
-2041.495
-1320.120
153.352
2362.321
4249.006
4585.406
4427.366
4235.688
3094.105
287.837
-3143.308
-5255.502
-4870.612
-2309.444
-357.200
61.227
-397.678
-675.494
-159.558
409.487
809.807
971.207
713.090
170.188
191.130
712.102
1031.996
1118.601
1015.950
819.189
726.436
1078.723
1671.435
2164.875
2430.135
2152.233
1057.819
-262.106
-1162.663
-1662.061
-1650.711
-1233.597
-744.557
-348.084
-259.615
-536.773
-833.292
-1025.298
-1003.926
-813.937
-692.391
-733.701
-716.204
-423.752
-231.756
-245.820
-261.749
-175.636
-96.080
-139.012
-155.753
-177.965
-114.771
-45.799
-313.002
-626.668
-802.511
-961.666
-804.393
-317.549
31.010
186.931
295.528
502.819
992.119
1583.707
2050.644
2224.411
1972.420
1537.579
1241.610
1212.107
1112.420
502.327
-567.090
-1659.131
-1983.442
-1341.006
-418.152
170.315
171.560
-298.154
-659.825
-816.307
-705.302
-673.906
-771.873
-891.338
-994.542
-901.805
-511.675
-104.288
101.662
138.697
-26.810
-288.267
-208.256
127.626
308.636
245.004
-270.352
-802.705
-848.279
-409.858
48.650
-255.419
-1206.708
-2088.658
-2591.326
-2815.102
-2445.176
-976.702
625.870
1631.817
1956.298
1973.955
2088.629
2376.433
2680.918
2737.213
2299.232
1655.632
1157.679
691.757
241.584
-169.147
-667.388
-1143.710
-1433.474
-1396.987
-1071.947
-733.358
-405.464
-24.489
265.088
230.424
-239.821
-739.042
-839.379
-565.987
-266.498
-271.362
-492.543
-639.954
-782.632
-899.050
-838.537
-489.481
15.588
362.392
460.549
472.779
444.744
451.339
530.270
548.499
313.451
-84.835
-364.772
-450.765
-234.885
233.053
646.720
887.085
921.422
827.953
577.896
238.937
76.447
160.483
442.129
561.677
436.210
230.046
196.770
333.503
496.335
600.254
548.877
360.914
138.787
-71.556
-163.707
-35.149
183.177
231.683
213.436
139.100
104.121
131.000
243.433
372.256
393.293
160.386
-243.532
-634.616
-843.903
-726.290
-405.426
-108.465
-74.923
-237.558
-284.874
-163.748
-45.034
-106.514
-360.010
-630.822
-772.101
-845.144
-905.365
-819.079
-449.468
211.394
712.962
840.383
698.560
647.457
812.100
1116.513
1356.903
1368.295
1232.584
970.994
580.108
165.930
-192.550
-480.696
-815.739
-1067.601
-1107.199
-1067.421
-1035.479
-1051.505
-942.292
-701.774
-399.299
-103.649
183.481
387.687
541.414
506.498
392.270
422.896
625.359
861.870
920.862
696.727
371.488
119.135
-24.972
-123.716
-227.583
-390.066
-639.405
-985.728
-1369.243
-1506.481
-1399.432
-1219.486
-1171.576
-1244.293
-1319.282
-1240.484
-1043.454
-650.782
-81.585
527.019
1054.968
1486.008
1785.062
1969.646
1991.728
1669.144
1114.161
471.284
-67.381
-439.120
-754.653
-1058.418
-1304.489
-1418.469
-1389.417
-1172.444
-802.695
-414.452
-15.407
334.559
574.575
594.796
458.550
345.745
396.685
516.227
555.361
422.711
217.144
153.281
333.282
508.637
584.632
616.116
575.853
430.296
368.877
551.837
791.798
966.995
957.057
706.147
473.597
404.917
438.524
434.776
323.772
150.007
-116.787
-502.822
-867.058
-1188.663
-1390.951
-1361.465
-1167.295
-952.412
-766.168
-569.002
-345.448
-59.286
260.767
520.650
636.697
555.753
397.163
211.372
37.212
-151.440
-338.721
-455.350
-453.214
-393.178
-390.638
-481.578
-566.478
-600.810
-533.403
-415.342
-288.900
-217.963
-106.792
63.425
290.105
484.058
693.277
859.915
933.314
900.951
767.424
574.767
397.878
255.772
211.298
246.486
274.358
258.480
120.549
-35.427
-51.865
35.043
94.788
30.443
-123.402
-257.732
-340.966
-392.796
-352.808
-174.080
96.160
230.631
154.975
-33.454
-174.617
-211.100
-202.512
-210.137
-239.296
-223.743
-135.435
48.463
291.382
458.307
500.290
438.682
320.755
207.293
140.245
101.488
15.410
-120.412
-268.365
-393.647
-487.678
-528.032
-533.149
-467.039
-422.961
-461.677
-460.704
-408.334
-282.801
-202.393
-142.311
-134.425
-95.305
89.946
305.829
491.408
593.837
650.138
717.515
778.474
757.821
586.834
294.994
-7.741
-268.373
-446.174
-605.225
-757.503
-880.911
-882.093
-767.190
-547.814
-309.305
-80.594
176.059
389.431
586.933
699.970
798.475
828.291
853.328
828.108
732.926
550.352
314.973
122.089
24.372
5.643
-34.201
-148.712
-338.639
-505.304
-584.504
-597.287
-600.026
-533.394
-435.403
-299.329
-192.178
-126.911
-70.700
-4.989
32.428
42.268
36.967
40.434
82.895
190.962
322.157
457.424
505.713
429.457
314.264
207.386
120.648
43.039
-65.501
-186.950
-284.074
-315.799
-252.085
-128.379
47.751
236.839
402.425
516.454
584.932
603.556
658.322
672.794
690.150
660.185
517.070
297.867
67.905
-113.530
-251.560
-389.056
-556.880
-735.715
-842.445
-882.022
-854.798
-877.328
-922.929
-970.729
-1025.506
-1057.886
-1072.808
-1060.086
-988.254
-848.419
-684.780
-524.778
-448.888
-407.696
-377.606
-303.391
-236.646
-155.378
-86.212
35.556
199.521
393.196
570.524
717.226
823.073
907.160
1000.003
1117.075
1241.366
1320.467
1337.288
1306.074
1252.401
1160.862
1062.115
975.706
892.878
797.841
691.772
526.581
345.543
197.738
45.700
-106.253
-267.840
-420.807
-566.863
-706.773
-867.394
-971.717
-1036.152
-1044.242
-1047.750
-1048.001
-1037.536
-983.280
-894.517
-783.232
-657.117
-547.911
-426.946
-320.469
-278.453
-238.831
-204.532
-152.846
-121.159
-84.078
-65.224
-46.356
-21.781
-9.261
8.929
40.150
70.819
136.430
218.016
304.841
419.676
527.122
608.754
682.379
757.543
790.663
797.946
783.932
800.786
756.551
675.882
550.474
438.245
329.726
230.178
148.097
114.697
92.537
101.878
104.292
78.123
55.998
43.892
44.064
-6.027
-44.415
-109.769
-152.331
-151.879
-196.195
-246.509
-301.287
-305.089
-278.280
-260.496
-250.457
-278.941
-302.362
-297.216
-280.800
-311.886
-324.555
-395.488
-460.761
-489.688
-488.668
-443.586
-391.651
-314.220
-234.457
-144.721
-91.045
-62.079
-7.912
52.424
118.983
145.497
166.488
187.519
212.413
246.881
293.133
348.368
387.657
367.508
359.669
323.612
288.792
265.020
245.473
214.336
168.722
119.905
69.255
31.284
2.053
-20.871
-43.408
-31.235
-47.457
-90.542
-153.403
-172.639
-167.843
-197.119
-216.538
-248.991
-236.795
-253.124
-270.371
-343.219
-407.418
-439.995
-464.390
-479.856
-474.644
-419.500
-342.985
-248.728
-141.875
-13.559
96.657
172.226
210.642
226.903
274.989
305.966
351.588
393.496
387.665
402.225
422.360
449.507
473.794
462.139
454.718
443.254
418.988
384.101
329.785
257.038
179.845
102.054
28.677
-20.311
-54.648
-137.564
-243.033
-330.277
-427.347
-493.080
-548.733
-564.239
-535.747
-487.158
-431.618
-407.282
-378.311
-336.405
-282.607
-233.907
-187.382
-130.005
-65.280
-10.623
39.731
85.075
143.864
208.150
270.218
302.297
309.762
270.138
260.858
254.566
234.801
185.950
142.526
132.473
125.808
126.926
110.131
89.105
93.159
101.673
130.659
162.759
194.504
206.073
227.360
237.990
245.143
233.703
219.673
210.144
189.721
135.451
61.540
1.829
-38.478
-75.705
-133.905
-176.237
-220.019
-239.981
-237.021
-201.213
-170.798
-147.544
-137.021
-128.395
-104.937
-97.918
-87.222
-71.920
-76.022
-82.552
-80.132
-74.208
-78.165
-78.426
-67.993
-40.084
-9.608
16.779
26.990
17.210
3.604
-3.761
-18.616
-37.538
-70.772
-93.932
-117.491
-134.461
-130.684
-117.598
-104.279
-107.164
-125.444
-114.097
-89.864
-56.225
-32.967
-54.340
-85.944
-120.784
-156.306
-144.573
-126.294
-93.291
-79.855
-62.290
-13.162
4.999
44.092
75.852
93.551
89.754
98.712
106.521
102.870
94.389
82.953
91.344
103.961
129.571
140.440
131.715
133.394
121.573
119.047
89.158
63.869
45.807
22.725
30.418
52.993
88.691
110.773
130.912
146.025
149.733
143.718
98.792
96.714
76.950
66.823
45.733
8.491
-28.033
-37.828
-34.724
-40.586
-37.372
-20.634
15.243
40.994
70.381
97.476
111.582
92.307
58.105
30.932
-18.583
-69.294
-111.589
-153.725
-190.232
-202.432
-181.674
-132.343
-69.690
-10.929
9.791
31.022
64.939
101.962
138.427
156.653
156.040
154.600
140.148
141.804
125.916
123.741
103.702
82.320
83.193
56.823
22.774
-10.624
-44.428
-56.585
-76.540
-86.566
-85.475
-94.600
-91.106
-131.935
-182.901
-225.863
-269.256
-293.491
-304.206
-300.073
-297.183
-321.736
-307.824
-302.328
-250.773
-228.536
-162.893
-81.661
-48.858
-4.614
40.561
55.467
78.770
115.856
126.314
172.048
203.307
255.804
286.412
300.625
308.411
276.714
237.839
206.652
193.181
174.421
144.831
99.178
80.916
57.339
39.888
26.072
31.935
39.198
45.003
40.261
38.965
39.043
65.227
89.537
90.283
86.700
75.422
59.698
50.346
13.468
3.899
-4.971
-11.379
-26.693
-56.847
-105.896
-129.112
-168.471
-195.029
-232.369
-272.469
-270.111
-264.337
-233.318
-223.458
-199.733
-167.774
-133.579
-94.395
-70.615
-77.068
-67.043
-96.136
-107.813
-102.014
-123.096
