18.052
19.096
18.611
17.875
17.297
16.720
15.469
15.910
12.830
10.057
14.768
13.409
8.595
5.184
8.334
15.603
7.726
-9.732
13.514
33.745
3.845
-32.448
-9.958
16.085
-31.209
-26.971
20.137
46.302
30.172
18.052
24.417
28.508
43.856
-63.095
-8.375
10.991
-3.030
-1.819
-87.883
-193.903
-135.536
8.545
127.102
252.742
224.338
12.651
-142.292
-177.528
-172.578
-98.746
116.351
154.315
18.335
-129.280
-180.276
-134.583
-87.772
-168.574
-278.027
-254.809
-109.776
83.058
-24.739
55.365
111.317
266.811
260.364
257.425
18.227
-70.173
-3.745
-63.788
-105.120
219.226
455.653
246.125
353.149
252.908
-229.465
-119.126
-393.225
-229.264
161.602
252.733
-99.515
-651.925
-406.666
94.492
212.899
79.751
-199.214
-272.251
-476.291
-792.032
-1048.667
-1180.822
-1014.209
-415.204
495.952
1312.911
1721.171
1912.917
1420.767
663.802
-89.840
-804.417
-1029.293
-791.573
-192.405
66.737
521.256
489.910
237.196
404.928
233.882
-583.157
-976.987
-542.291
21.733
289.350
337.565
178.982
196.075
539.680
568.867
-168.640
-635.068
-275.554
138.030
10.817
-415.418
-668.936
-658.137
-626.406
-521.572
-376.636
-142.179
291.984
818.827
1056.955
1013.815
448.106
-116.368
-108.557
32.679
-28.187
-388.432
-307.220
162.315
546.764
525.768
303.831
353.952
254.284
-212.621
-605.626
-379.682
226.079
784.135
883.556
477.220
151.173
45.710
128.015
-18.933
-433.283
-787.918
-809.063
-481.479
-320.469
-583.482
-833.254
-622.050
45.752
564.397
343.166
-456.872
-958.121
-607.789
383.740
1635.994
2611.683
2514.654
1698.818
810.117
8.570
-458.065
-970.986
-1612.621
-2139.318
-2123.986
-1779.824
-1609.136
-1671.448
-1394.393
68.271
1608.739
2470.823
2034.601
-31.731
-965.199
-418.609
590.050
831.808
742.100
636.875
574.673
529.388
482.698
469.243
272.834
97.624
-201.213
-504.890
-535.478
-466.503
-466.554
-432.721
-410.577
-391.751
-314.827
-255.169
-213.695
144.914
826.930
1448.749
1778.889
1730.891
1391.488
942.092
440.644
-39.579
-608.607
-1022.522
-1139.212
-1168.364
-1342.875
-1564.674
-1674.574
-1288.122
-401.872
356.594
646.676
577.840
160.478
-515.026
-1029.517
-1029.525
-348.206
668.758
1230.995
1300.084
1074.220
540.936
139.432
5.674
-174.861
-428.705
-608.783
-694.246
-599.175
-485.017
-491.048
-429.954
-183.306
12.908
8.182
-113.881
-260.095
-233.235
-8.929
372.350
727.975
1014.471
1022.578
840.270
368.583
-207.644
-546.291
-384.859
207.068
739.466
923.593
849.779
553.154
47.012
-519.775
-779.576
-722.789
-469.223
-160.124
-51.008
-40.137
3.482
-15.759
55.040
385.383
665.069
772.533
507.198
-42.360
-439.195
-417.850
-265.231
-240.959
-293.728
-533.037
-795.762
-621.235
-415.357
-340.283
-268.993
-201.726
-42.655
143.505
322.579
406.370
316.322
63.279
-308.974
-650.760
-747.951
-577.268
-191.558
192.847
411.693
494.853
467.880
258.498
68.769
-93.731
-132.860
-110.851
-152.684
-103.223
26.810
234.675
489.907
696.147
871.048
1000.282
1151.786
1290.474
1308.470
1133.015
824.888
421.089
-28.345
-437.976
-606.944
-535.635
-478.436
-474.442
-416.487
-318.690
-231.462
-263.912
-385.775
-536.048
-488.850
-362.068
-333.077
-307.508
-157.033
-29.644
-26.546
-28.411
-28.004
-83.333
-220.294
-365.170
-406.080
-305.576
-139.787
72.313
256.109
292.255
194.413
-85.050
-387.263
-556.465
-622.320
-650.111
-587.436
-217.018
235.698
470.621
474.245
254.428
-25.317
-262.155
-395.188
-435.603
-482.522
-542.403
-416.409
-75.671
252.586
467.819
568.655
629.925
622.483
587.797
545.626
594.458
697.953
826.998
911.404
780.117
412.695
-66.392
-442.366
-649.709
-605.171
-414.655
-268.299
-196.617
-199.650
-114.443
14.531
-10.229
-212.808
-468.673
-653.789
-813.677
-993.885
-1202.534
-1282.426
-1154.463
-824.339
-343.281
311.213
987.492
1462.212
1688.561
1555.160
1142.591
663.387
254.669
-16.991
-149.975
-254.365
-264.001
-170.206
-67.606
-78.750
-239.302
-430.418
-531.245
-566.893
-556.190
-446.005
-115.212
330.695
730.417
872.046
750.700
507.341
229.686
-18.702
-261.727
-502.596
-656.576
-632.792
-463.297
-226.703
-29.728
7.338
-148.213
-382.994
-421.658
-165.203
61.403
82.087
34.577
136.276
463.578
856.951
976.556
766.181
410.490
210.673
186.915
275.745
465.351
659.450
877.290
1004.527
915.522
553.239
26.564
-332.947
-454.155
-395.396
-327.973
-397.680
-542.793
-717.637
-828.816
-838.876
-766.822
-657.816
-558.744
-422.717
-88.842
408.806
793.661
1022.524
1098.152
1116.600
1043.179
887.638
718.552
640.149
634.330
569.876
408.226
150.601
-99.333
-242.914
-329.051
-446.590
-546.879
-628.371
-695.012
-747.545
-768.147
-779.648
-864.540
-951.189
-1027.595
-972.973
-794.890
-641.570
-607.877
-579.883
-413.873
-183.630
-79.054
-187.584
-340.138
-407.830
-325.597
-269.370
-340.740
-473.194
-537.691
-525.431
-443.850
-309.624
-83.644
211.060
550.025
862.675
1153.167
1446.796
1706.646
1881.834
1878.200
1770.672
1566.984
1385.433
1230.217
1113.052
1019.783
919.346
756.393
428.014
-18.655
-473.149
-829.291
-1072.988
-1162.741
-1212.291
-1253.596
-1246.961
-1147.665
-1001.342
-853.822
-661.225
-489.722
-263.440
-23.401
195.767
413.258
549.990
576.736
520.907
455.315
327.564
108.335
-82.590
-188.291
-169.784
-154.227
-232.879
-429.039
-647.117
-801.020
-856.577
-831.081
-790.877
-684.892
-647.620
-653.858
-603.156
-443.963
-140.616
188.220
516.865
759.040
890.171
942.251
937.971
855.969
697.832
510.599
358.106
278.922
251.313
234.914
205.348
223.750
295.522
380.812
458.134
402.822
269.758
108.784
5.665
-99.655
-198.237
-297.035
-418.175
-524.412
-646.414
-755.204
-824.797
-848.086
-847.441
-815.781
-788.405
-772.859
-740.123
-681.236
-567.363
-405.170
-237.698
-75.891
110.289
334.473
560.682
774.765
899.651
985.753
1029.455
1076.933
1129.273
1129.107
1152.642
1155.194
1152.702
1140.698
1077.219
937.477
714.991
463.987
197.962
-116.694
-449.519
-725.564
-947.447
-1079.659
-1163.809
-1183.843
-1147.528
-1018.078
-794.639
-575.072
-350.764
-182.576
23.637
220.419
302.863
326.563
300.145
276.833
272.006
241.429
138.506
27.784
-81.201
-185.543
-304.160
-430.483
-541.439
-609.282
-630.207
-558.046
-448.222
-348.231
-275.155
-186.106
-81.573
72.569
229.012
338.056
370.052
332.608
334.460
342.312
376.046
409.730
422.326
450.831
483.008
489.218
423.852
317.568
162.241
-0.434
-171.088
-342.295
-474.969
-547.737
-598.038
-590.704
-518.596
-439.548
-329.802
-227.404
-88.913
87.235
192.619
301.974
337.457
363.508
365.540
340.428
275.102
238.392
195.632
183.345
162.125
134.492
105.034
77.654
43.243
-22.074
-98.874
-160.570
-231.785
-276.645
-354.298
-416.161
-464.712
-509.195
-537.473
-575.919
-572.249
-577.039
-577.588
-559.388
-517.108
-442.953
-341.643
-218.864
-86.153
50.721
166.777
262.119
340.612
395.681
430.489
456.558
495.919
535.666
579.864
561.702
554.915
507.171
481.435
464.971
421.638
377.295
314.732
247.263
201.684
135.571
87.194
49.561
16.229
-13.543
-28.115
-22.681
8.194
28.162
46.357
36.793
40.444
55.225
102.294
140.935
122.906
96.052
55.325
-0.640
-39.712
-106.103
-142.882
-174.787
-191.161
-212.967
-234.844
-272.707
-308.674
-329.420
-302.721
-234.923
-181.266
-118.034
-79.159
-54.678
-37.490
-30.784
-61.959
-96.144
-131.177
-152.073
-130.499
-124.065
-83.436
-46.641
-37.863
-16.265
-4.042
-5.148
16.291
51.758
90.450
154.900
228.264
289.899
347.284
386.455
404.722
352.083
308.018
239.043
197.812
149.300
111.313
68.472
-16.073
-84.940
-140.241
-183.956
-205.205
-242.348
-258.445
-295.126
-324.947
-346.692
-383.942
-428.710
-427.046
-422.114
-384.709
-334.762
-237.656
-152.878
-43.486
38.441
105.261
128.965
128.377
95.238
65.623
46.128
55.254
53.450
49.083
57.044
42.689
90.743
128.789
165.941
178.178
190.980
198.054
225.193
243.286
252.758
240.700
203.416
146.558
105.604
90.656
93.828
103.821
95.297
96.546
113.005
111.899
133.613
153.813
186.026
204.646
211.239
208.075
193.085
171.265
130.550
83.609
14.910
-64.573
-145.064
-206.599
-250.513
-282.138
-318.662
-334.372
-349.185
-372.554
-393.515
-409.119
-428.589
-397.001
-384.355
-339.195
-315.600
-286.246
-232.041
-194.643
-108.932
-19.285
79.498
196.266
300.903
361.239
407.460
423.393
416.869
422.936
391.216
384.492
349.022
330.826
285.284
240.416
203.538
184.490
166.411
138.731
105.433
78.644
90.228
118.582
112.585
122.738
75.677
30.950
-15.227
-62.079
-98.434
-120.877
-154.700
-191.170
-244.277
-278.791
-315.905
-348.974
-376.739
-389.234
-412.185
-420.289
-430.120
-424.347
-399.042
-353.165
-335.461
-283.905
-232.576
-221.752
-165.320
-126.292
-96.814
-88.161
-67.506
-58.698
1.135
40.905
83.794
133.842
179.510
239.706
283.029
299.136
282.508
273.470
240.062
197.102
179.823
140.619
124.882
108.168
94.989
110.339
94.397
108.906
121.630
144.287
163.834
175.745
175.617
156.179
139.175
137.686
128.362
133.838
112.199
113.977
123.844
137.646
177.328
184.616
183.080
183.018
166.999
153.339
143.298
137.077
149.386
140.060
150.808
148.254
147.610
141.542
116.369
85.338
73.670
40.436
21.913
-2.575
-47.244
-76.512
-106.493
-139.210
-159.124
-181.801
-210.853
-239.388
-246.193
-263.479
-255.578
-253.295
-244.157
-238.834
-250.113
-249.772
-272.725
-281.379
-289.178
-276.792
-263.077
-241.853
-229.742
-229.631
-235.814
-243.524
-227.020
-214.465
-211.814
-200.162
-187.225
-175.934
-180.110
-184.693
-198.455
-197.924
-204.127
-202.357
-169.812
-161.002
-108.196
-64.591
-10.107
45.361
120.267
176.565
255.999
325.365
385.890
405.110
437.683
436.214
461.851
439.542
429.332
403.844
374.738
337.489
327.972
285.841
242.694
175.295
128.007
97.736
61.338
55.406
50.104
48.532
45.694
31.072
13.293
22.552
19.282
13.015
-8.678
-23.546
-69.913
-86.184
-86.509
-71.106
-73.089
-79.773
-80.280
-36.052
-15.665
23.426
16.572
4.273
-7.400
-53.884
-62.887
-75.208
-83.977
-109.363
-136.262
-157.354
-160.887
-162.531
-168.024
-156.581
-137.142
-108.540
-97.126
-108.484
-99.358
-86.217
-64.133
-40.808
0.888
1.647
34.879
25.107
17.373
-7.393
-38.650
-50.433
-59.396
-50.524
-40.436
-4.702
29.505
59.423
86.788
98.330
103.295
87.623
83.274
71.522
58.726
33.935
