42.991
-20.011
-19.898
-18.184
-15.624
-14.717
-14.766
-16.144
-15.798
-17.394
-19.618
-19.757
-16.306
-14.323
-15.572
-18.611
-17.444
-11.617
-7.218
-11.322
-13.521
-23.593
-38.732
-26.140
-19.738
-16.497
-11.966
-18.200
-9.148
-20.664
-12.400
-13.888
-1.021
-12.326
3.731
-23.827
-27.191
-69.380
3.954
19.420
-25.227
-84.497
13.332
3.870
16.526
-114.564
-107.980
28.491
80.819
-100.018
-34.890
11.360
-15.470
70.474
21.894
-34.708
144.142
-69.099
-174.217
-6.133
-103.883
21.999
29.122
-69.462
33.930
38.798
-87.032
-216.323
-52.800
21.832
107.761
54.669
-90.371
-193.295
-243.886
8.063
237.222
113.140
-117.488
-100.352
-244.875
-237.106
-182.216
-24.115
133.949
-167.000
-379.942
261.149
214.910
-77.901
91.803
23.574
91.827
333.863
-34.093
-284.047
-49.069
-157.430
-241.972
-322.924
-201.195
-160.944
-122.009
-323.332
-274.827
74.717
304.151
183.291
27.229
63.285
80.830
164.319
56.553
-27.181
-50.710
-93.000
12.390
142.338
89.242
-155.533
-337.670
-302.510
38.449
-261.697
-357.962
-19.112
196.314
-7.610
44.972
-116.423
-35.879
427.876
111.438
-269.457
-679.774
-422.027
94.208
228.228
-6.806
-464.793
-339.774
216.695
352.525
276.715
-36.807
76.864
-95.621
-99.915
167.336
236.084
108.616
230.368
-221.714
144.216
586.017
441.315
178.734
132.003
400.143
889.020
706.879
409.865
556.719
1027.385
1421.157
1305.799
1066.550
1152.768
1185.259
753.723
526.762
-348.944
-1161.882
-1411.155
-1416.896
-1611.735
-1589.215
-1831.766
-1873.804
-1366.272
-826.403
-722.100
-246.405
-110.094
692.770
1895.084
2166.157
1512.145
568.711
810.182
610.799
649.353
1296.812
1092.292
706.772
682.824
186.500
-152.940
-87.709
40.478
-105.528
419.546
636.425
156.959
-517.782
-890.911
-1095.872
-720.741
-295.233
-698.797
-1404.106
-1607.062
-1306.493
-990.442
-467.097
63.601
348.276
837.833
997.911
1628.259
2156.111
2233.323
1521.400
193.921
-141.793
10.097
-359.547
-593.277
-760.726
-96.779
788.072
1184.536
1136.699
750.802
495.327
37.022
142.117
195.969
106.131
189.385
-199.544
-720.479
-1035.954
-1200.196
-1392.606
-1766.334
-2003.032
-2377.908
-2775.417
-2842.825
-2139.401
-1369.259
-547.193
-50.597
717.586
1900.443
3192.989
3697.149
3259.493
1865.590
-440.761
-35.178
612.282
1127.644
1089.105
65.329
-540.488
-688.620
-989.797
-1757.675
-1937.379
-251.986
181.676
-551.899
-1847.784
-1177.847
-443.823
-920.075
-1078.843
-764.564
51.191
1089.829
1567.286
1984.394
2622.034
3363.447
3559.850
3258.810
2040.280
1070.689
1741.628
1883.869
1919.706
1943.651
1712.980
1327.733
821.344
289.121
-545.615
-1038.834
-1420.677
-2450.478
-3055.894
-3001.555
-3074.545
-3183.023
-3270.871
-3271.751
-3106.921
-2775.132
-2482.497
-1952.565
-1136.477
-178.864
1488.304
3365.258
4453.729
5670.365
4333.009
-13.834
-1568.250
237.109
893.360
1020.884
727.691
-693.561
-1887.242
-1791.888
-1461.546
-1156.053
-991.133
-636.962
-380.204
-552.784
-708.269
-919.461
-1337.338
-1741.952
-2223.892
-2427.003
-2555.668
-2838.277
-2993.643
-2914.237
-2151.082
-1570.091
-1096.502
-559.975
190.645
1231.377
2338.546
3048.188
3602.079
3241.008
1899.091
121.110
858.199
1080.826
1140.941
942.226
643.084
797.567
857.490
439.973
135.424
227.498
457.040
398.006
335.816
705.058
820.825
498.249
80.155
-279.181
-549.963
-381.330
-237.719
-396.143
-320.661
83.563
658.743
1157.739
1414.840
1337.275
822.364
-132.015
-1177.692
-1386.737
-950.631
-707.794
-490.871
-547.301
-902.613
-1221.025
-1263.252
-1374.001
-1602.733
-1616.611
-992.205
-402.380
115.999
485.836
800.756
1183.147
1299.097
670.661
-327.506
-1411.394
-1320.366
-1246.635
-1022.022
-730.474
-320.256
261.572
670.312
735.048
653.446
829.246
858.915
949.637
840.176
519.031
307.410
162.482
213.800
308.141
447.392
671.541
663.432
420.302
64.284
-313.012
-696.662
-933.530
-843.291
-318.365
337.256
758.781
746.026
583.803
378.009
188.338
4.209
5.254
-167.811
-213.999
-34.890
328.353
559.380
563.887
225.532
1.435
-122.022
-223.013
-436.283
-420.631
-348.428
84.921
631.496
1187.472
1325.955
422.946
-531.335
-759.723
-1039.350
-1101.819
-1110.779
-983.272
-789.819
-772.933
-791.288
-867.201
-654.193
-111.627
295.301
444.104
403.576
583.173
1009.097
1533.000
1878.966
1667.402
1234.513
1223.806
1069.516
1056.547
1040.330
746.674
519.611
492.416
309.964
26.094
-76.381
-290.859
-435.584
-450.240
-671.552
-514.070
-484.337
-431.188
-458.684
-734.762
-924.648
-996.287
-959.518
-909.837
-791.465
-587.683
-205.657
363.763
989.254
1428.722
1610.004
1590.443
1608.184
1689.453
967.060
-357.293
-639.882
-638.260
-522.093
-601.982
-478.762
-359.064
-111.330
-112.396
-196.958
-219.880
-185.993
-148.826
25.540
49.918
-271.935
-688.115
-832.235
-988.488
-1103.408
-1139.269
-1132.399
-1163.537
-1315.054
-1507.844
-1580.821
-1327.431
-890.546
-401.602
-54.734
4.208
32.751
255.950
621.621
650.329
204.399
69.572
253.865
390.151
533.117
632.482
860.478
1032.695
1050.482
1014.480
1250.374
877.440
1044.079
555.245
127.990
-85.167
-132.724
-241.202
-413.862
-647.983
-704.126
-699.934
-797.628
-778.883
-598.186
-363.987
-287.810
-284.094
-277.469
-55.142
347.243
717.703
938.533
827.197
829.625
869.662
828.381
834.207
962.137
970.753
882.606
784.546
859.479
1059.370
964.411
765.500
528.116
276.316
302.250
357.972
212.505
21.959
-70.226
-165.833
-128.111
-167.696
-297.680
-516.346
-591.141
-339.922
-99.019
245.751
285.122
-22.256
-228.630
-248.747
-446.809
-831.399
-865.598
-717.746
-470.979
-265.523
-192.640
-22.368
92.841
44.056
-172.489
-322.050
-552.658
-543.799
-617.081
-745.928
-764.952
-749.558
-603.372
-477.938
-491.672
-438.745
-290.978
-336.037
-382.055
-435.178
-356.875
-168.328
38.944
168.988
93.547
-141.443
-275.025
-224.892
-29.033
158.640
276.304
481.553
775.635
955.886
1056.685
1063.131
981.121
837.120
538.889
318.526
178.091
142.877
37.481
-134.423
-319.002
-510.895
-547.133
-438.164
-453.239
-489.080
-532.131
-350.834
-76.160
128.778
169.105
141.333
246.179
384.179
409.314
344.948
284.693
131.146
-176.459
-442.198
-626.891
-597.641
-567.126
-577.461
-605.983
-663.772
-542.163
-217.346
158.496
379.678
264.716
44.047
-83.916
45.573
84.246
-22.171
96.538
9.257
64.374
447.402
562.212
552.031
325.106
97.467
-95.272
-254.593
-214.449
57.486
386.017
585.774
638.359
643.125
690.932
708.114
925.236
1074.045
909.826
468.177
396.082
294.742
331.355
205.365
-91.307
-263.857
-402.753
-512.937
-496.809
-631.135
-771.616
-1156.556
-1311.268
-1048.795
-936.439
-763.918
-624.594
-458.239
-168.891
83.592
187.922
388.950
386.354
276.483
231.449
243.797
88.066
52.830
29.039
36.747
28.091
-37.313
-161.996
-290.921
-414.943
-489.348
-486.069
-516.578
-395.546
-69.157
218.101
311.984
255.553
222.403
343.908
450.613
510.168
587.113
741.332
963.414
1250.747
1396.423
1087.503
311.772
-232.594
-532.752
-536.353
-489.838
-559.544
-598.119
-641.533
-782.519
-792.586
-817.452
-844.611
-581.530
-345.519
-304.981
-173.397
82.456
445.770
712.287
740.375
540.564
211.496
-41.363
-53.432
64.739
205.479
385.264
580.271
535.781
420.472
352.858
141.578
-129.308
-323.757
-386.644
-321.228
-239.858
-287.706
-239.159
-42.674
86.743
380.097
644.908
802.792
837.529
749.566
699.775
571.140
253.773
-135.288
-439.414
-662.877
-735.272
-734.267
-773.398
-664.996
-502.031
-245.533
-30.797
190.426
197.434
140.068
-101.698
-467.679
-441.823
-102.864
149.303
291.376
248.210
94.803
42.054
-72.738
-328.518
-484.411
-492.542
-442.579
-354.310
-329.066
-295.382
-190.802
-138.397
-136.524
-142.649
-157.114
-132.840
-43.555
148.975
285.174
443.540
506.319
542.465
559.178
562.940
575.354
395.863
214.285
272.461
322.653
264.068
104.084
-61.928
-183.006
-216.643
-130.560
-21.391
75.075
155.552
247.288
252.528
194.298
119.117
15.535
-124.798
-252.584
-80.340
214.777
447.818
471.604
360.782
278.099
278.910
246.628
161.371
157.170
153.647
163.517
136.925
62.399
-54.635
-167.450
-289.759
-450.073
-607.398
-633.887
-583.466
-407.074
-257.977
-161.477
-84.444
-45.043
-146.633
-337.699
-469.833
-381.078
-191.736
-37.717
55.445
109.814
116.950
3.718
-173.805
-290.765
-311.007
-163.238
8.773
87.386
75.216
-84.889
-230.037
-231.518
-152.449
-158.595
-129.137
-5.234
91.493
87.044
-46.281
-154.059
-82.975
-24.570
-8.311
73.896
209.555
326.712
351.660
287.459
222.966
237.892
255.531
212.245
162.432
116.155
84.646
76.329
131.761
187.298
157.815
39.979
-90.131
-191.533
-271.198
-248.567
-260.376
-301.644
-308.910
-284.749
-254.172
-332.973
-386.275
-419.387
-412.137
-278.407
-142.040
22.096
244.111
463.403
658.446
808.233
888.425
897.229
758.241
666.897
543.837
426.869
313.941
280.838
159.919
42.700
-143.486
-290.232
-501.488
-690.666
-782.000
-796.163
-770.579
-714.746
-571.779
-457.715
-367.891
-235.327
-36.669
69.724
183.028
300.441
320.694
267.876
189.789
-12.707
-152.798
-205.893
-197.751
-169.087
-97.247
52.892
213.333
241.107
239.271
296.193
337.016
320.518
268.802
185.893
145.648
166.958
233.501
254.280
221.473
131.054
-3.199
-89.727
-171.088
-182.913
-244.084
-259.283
-248.730
-177.504
-70.314
12.097
97.217
123.664
122.149
56.060
-40.684
-57.005
-59.407
-8.563
33.720
36.485
-20.357
-99.944
-186.675
-283.226
-299.164
-216.194
-184.350
-158.083
-74.365
4.070
79.833
121.087
133.171
87.674
9.158
-85.252
-107.018
-109.853
-134.545
-101.488
-88.638
-63.822
-38.607
-12.855
-24.782
-13.610
-1.035
8.670
20.839
60.455
147.244
221.395
248.097
324.156
354.065
306.395
228.263
163.041
108.407
51.693
62.162
65.376
83.166
51.636
46.310
46.987
42.089
37.967
44.477
40.375
61.948
77.982
132.009
173.280
207.781
189.689
118.022
19.598
2.662
-43.468
-86.942
-120.840
-177.394
-210.189
-269.247
-284.712
-267.533
-250.261
-251.047
-238.478
-254.393
-235.502
-171.805
-116.052
-65.556
-10.441
32.277
64.735
90.908
126.811
163.839
162.868
146.139
75.332
-10.186
-32.641
-33.401
10.038
38.048
18.072
-41.827
-118.310
-156.383
-219.896
-239.155
-222.330
-214.314
-198.672
-181.842
-163.397
-159.569
-149.667
-177.033
-197.637
-208.725
-181.250
-104.314
-43.308
63.881
124.197
170.342
177.481
235.496
301.744
318.564
299.040
238.415
186.520
145.617
96.823
54.845
0.480
7.523
43.869
76.951
119.133
135.748
166.592
165.163
152.077
130.523
100.204
85.055
139.174
127.115
110.961
100.864
