6.514
9.250
9.534
9.460
8.904
8.825
8.503
8.942
7.412
6.836
6.461
8.101
11.049
6.892
6.606
5.619
9.095
12.636
7.723
6.759
3.535
3.748
13.722
3.772
10.573
6.579
7.408
7.553
-6.864
15.710
21.289
28.999
34.217
22.944
22.416
-7.781
-4.438
17.852
-10.517
-25.219
38.429
23.032
67.145
-25.371
-20.945
-1.302
19.211
-13.672
37.826
45.487
-5.101
25.808
10.072
23.930
83.231
-30.647
-15.853
82.521
-44.279
16.127
35.788
-37.036
11.387
-85.687
-126.757
-74.188
-22.697
54.438
105.592
123.017
-29.604
-77.720
-165.069
-18.508
144.063
70.637
112.902
86.970
36.108
-91.592
-72.083
-110.872
13.094
-90.256
-129.287
238.247
175.462
38.824
-114.976
54.539
-17.913
65.834
-97.689
42.505
240.738
-167.223
-172.289
-234.468
-164.819
-121.470
-86.682
-53.706
-202.927
-118.551
-141.622
26.099
100.375
84.498
-105.532
-82.405
-105.843
35.025
47.828
-35.484
-5.249
7.891
53.157
-141.398
-151.553
-299.144
68.742
67.141
-109.075
247.667
60.539
-48.267
-158.437
-206.639
47.485
439.281
232.558
175.918
70.427
53.900
100.461
87.349
-94.362
-298.007
-318.321
-176.595
-89.444
-138.727
-132.215
-212.182
-215.917
-385.765
32.230
-26.401
-97.357
9.819
-391.123
-50.619
206.817
-43.090
-25.674
187.894
202.404
338.232
220.011
-62.248
414.830
316.073
87.938
-170.422
-118.589
267.681
489.353
416.675
338.249
-269.020
-108.001
221.907
-76.500
391.905
183.208
124.096
120.280
116.943
-198.476
-678.292
-465.694
-902.844
-486.827
-246.070
-358.242
150.307
714.067
773.510
37.537
51.352
-83.565
-214.893
197.128
409.836
104.355
526.912
658.821
276.344
-94.912
-483.754
-968.959
-1251.176
-1127.545
-847.199
-588.142
-200.516
206.508
252.656
477.087
670.788
570.848
773.639
983.337
667.159
607.392
1037.302
1210.169
1490.257
1293.768
506.537
-321.111
-559.112
-651.601
-569.366
-608.647
-631.872
-710.612
-922.234
-1179.855
-1220.871
-747.808
83.836
798.561
1143.473
1076.775
356.716
-266.006
-598.036
-892.805
-890.419
-631.020
-725.609
-1118.813
-1390.888
-1082.953
-1064.793
-843.387
-701.823
-670.140
-302.164
112.783
133.912
553.741
458.650
505.425
104.728
-315.791
-211.435
841.946
1281.707
894.829
1150.779
1320.958
1209.667
1150.004
587.164
-59.729
121.317
438.524
993.628
690.658
-567.894
-686.436
-1276.473
-693.586
-312.621
231.068
555.456
595.882
805.635
347.889
-220.208
-457.958
-17.166
564.132
908.125
892.968
864.284
580.173
230.584
-19.639
-211.868
-267.851
-165.244
-5.539
-366.100
-894.292
-1156.754
-1455.646
-1234.303
-403.032
384.724
455.098
207.525
-81.401
-451.237
-964.156
-1405.996
-945.819
214.431
780.715
815.328
1224.047
1599.888
1970.451
1493.452
1718.121
2319.278
1245.929
690.422
845.290
453.267
-311.273
-299.117
137.889
449.277
271.142
135.429
-519.423
-1098.898
-1314.934
-1412.045
-1223.357
-1268.629
-963.136
-690.893
-249.941
68.365
-67.671
-176.217
-231.259
-340.603
-364.352
-300.468
-360.102
-621.994
-854.096
-923.867
-923.408
-539.589
-164.020
229.085
529.877
530.936
-504.340
-1241.765
-627.109
193.431
335.202
836.596
697.232
622.901
509.519
272.465
176.156
204.139
315.710
415.796
389.957
403.985
248.985
-40.418
12.686
-81.337
-567.385
-834.934
-733.834
-542.759
-355.944
-340.747
-350.145
-104.990
97.533
375.926
434.831
255.643
140.324
1.547
-129.472
-188.625
-354.633
-482.114
-765.955
-1142.289
-1212.977
-1183.373
-936.142
-676.849
-473.347
-634.580
-436.463
10.935
508.587
912.141
1112.578
914.324
424.795
161.795
267.965
578.114
620.480
445.142
531.860
569.152
665.252
959.575
996.163
1023.945
1003.606
640.511
232.272
212.225
179.128
539.930
756.256
789.869
502.814
52.134
-471.041
-879.577
-1037.522
-901.658
-739.824
-345.680
57.177
-134.058
-182.450
-446.922
-789.304
-1123.387
-1297.298
-1283.951
-1233.055
-811.136
-296.975
39.067
311.955
507.873
456.807
321.253
141.033
280.941
367.137
389.122
389.463
588.350
761.651
644.244
392.020
-98.124
-417.588
-325.900
-142.456
121.813
162.219
220.221
392.818
532.680
500.970
118.387
7.642
125.757
188.501
60.097
148.534
174.054
104.734
-58.294
-406.073
-641.549
-609.707
-494.130
-360.968
-71.240
-135.484
-372.943
-382.111
-439.598
-444.261
-402.126
-487.403
-676.859
-661.602
-585.189
-483.345
-255.453
-34.811
124.404
173.394
381.239
913.352
1316.531
1579.705
1667.823
1355.838
1004.743
864.262
746.293
466.006
213.394
-25.278
-80.984
167.293
295.303
337.467
500.012
475.062
223.047
179.220
81.225
-222.690
0.439
-79.640
131.994
90.192
181.822
159.833
-92.308
-600.935
-916.358
-1148.568
-1203.607
-1054.411
-877.080
-706.836
-633.640
-621.755
-586.410
-529.893
-506.487
-532.700
-460.537
-148.718
206.366
157.818
0.830
-187.134
-153.128
4.906
190.739
532.345
720.239
605.704
556.603
508.611
519.043
483.424
361.707
300.161
386.998
413.428
429.691
715.348
639.983
734.234
959.225
711.092
265.909
-69.902
-317.934
-321.032
-341.045
-347.717
-312.511
-343.558
-233.958
-253.113
-220.938
-195.749
-97.994
-99.322
-150.359
-323.822
-404.677
-469.150
-578.883
-501.473
-260.178
-27.586
121.436
163.441
142.189
105.405
80.055
166.624
195.115
-18.950
-84.070
-221.334
-424.927
-466.470
-396.067
-369.954
-268.792
-260.423
-341.466
-463.118
-434.290
-299.036
-131.507
95.694
330.953
252.690
27.456
-77.355
-102.126
-26.204
101.801
277.580
376.961
231.759
73.077
33.299
113.677
-15.170
-78.330
-147.376
-140.492
-127.311
-42.877
-300.470
-323.935
-528.506
-484.935
-338.454
-122.794
-33.843
-15.216
-245.382
-369.820
-200.613
9.531
235.197
366.842
412.192
325.936
199.389
57.481
-69.624
6.687
172.441
284.564
312.004
303.021
302.091
220.517
243.516
262.652
284.871
344.898
344.631
178.227
-57.178
-202.296
-277.554
-318.278
-302.536
-281.476
-81.498
-6.829
-31.798
-34.290
-140.445
-128.811
-103.822
-121.758
-160.482
-190.639
-97.772
170.758
471.778
683.171
811.049
826.096
763.159
562.251
357.471
318.150
325.760
302.113
148.383
47.661
-35.820
-138.722
-215.293
-171.157
-280.972
-365.374
-389.590
-476.938
-559.242
-471.052
-315.764
-51.843
205.084
251.649
122.689
-103.496
-249.233
-395.884
-412.819
-325.432
-304.185
-235.988
-148.782
-41.004
11.338
91.978
108.628
102.628
185.215
202.340
193.787
445.548
234.751
254.400
205.736
116.446
68.916
89.286
44.526
112.576
110.205
-10.566
-118.517
-167.507
-163.377
-203.730
-258.655
-79.248
-7.129
-11.340
43.531
40.033
29.715
57.771
33.424
127.390
188.067
107.243
51.112
-28.130
-55.181
-109.174
-65.875
-74.667
41.376
34.469
-133.446
-217.259
-294.565
-365.774
-282.576
-205.112
-58.344
112.730
266.895
335.638
328.260
301.600
297.532
346.408
322.217
269.526
180.685
83.473
15.029
-165.935
-416.757
-500.274
-432.932
-268.680
-190.433
-150.876
-198.981
-219.432
-255.994
-313.995
-367.689
-326.514
-290.059
-231.931
-176.960
-99.334
-5.093
96.822
166.389
159.700
74.222
71.233
113.557
138.487
176.392
167.364
196.786
318.737
458.328
357.379
60.626
2.119
-32.839
86.413
125.189
92.671
-63.582
-149.184
-21.580
225.204
362.619
368.636
391.712
346.811
301.104
251.691
161.885
12.786
-124.504
-256.671
-386.955
-474.451
-507.488
-404.644
-249.831
-198.709
-86.927
-18.520
25.959
12.220
6.180
-45.758
-9.566
58.217
5.419
-70.259
-123.443
-161.700
-106.929
33.398
72.896
81.739
85.767
27.303
9.628
-62.132
-174.094
-216.873
-192.867
-174.281
-139.037
-39.153
112.898
231.719
256.059
220.836
223.778
211.814
160.506
113.873
101.053
64.968
120.839
176.031
156.621
83.449
-69.107
-224.452
-319.593
-284.154
-126.036
7.953
153.436
197.920
210.881
186.582
157.881
50.590
-96.131
-255.692
-305.854
-255.033
-239.678
-145.488
-19.609
79.849
183.599
289.202
357.051
381.687
353.551
274.693
205.504
159.303
165.488
166.937
197.447
186.369
156.547
78.073
-37.076
-133.763
-159.990
-139.999
-101.361
-115.326
-134.235
-183.725
-198.214
-180.494
-187.298
-204.871
-218.702
-139.806
35.415
138.224
165.108
178.021
189.763
194.770
150.371
104.935
154.607
150.672
139.787
157.407
103.424
59.672
24.338
3.011
-10.760
3.303
-26.070
-89.955
-153.481
-253.190
-307.821
-259.931
-180.021
-135.674
-106.260
-84.832
-78.861
-74.720
-49.408
-66.552
-149.801
-259.411
-392.985
-429.329
-382.167
-280.490
-197.965
-130.318
-70.290
-42.930
-79.812
-106.316
-146.962
-183.126
-152.420
-110.811
-36.140
-10.728
-37.035
-82.707
-163.944
-168.696
-195.458
-182.363
-123.707
-72.105
32.195
88.199
137.573
185.116
204.165
240.321
211.706
162.930
128.110
105.941
154.557
188.519
188.276
203.394
257.505
223.830
166.626
109.621
96.985
91.348
105.405
143.603
163.959
135.233
5.097
-167.662
-257.153
-284.467
-236.417
-143.645
-120.557
-91.888
-61.275
-36.245
-51.241
-63.752
-58.879
-28.303
22.595
29.810
33.723
43.924
85.473
131.898
175.753
232.403
279.604
331.107
358.517
377.725
357.850
304.267
262.522
152.829
105.362
42.463
-28.590
-101.139
-168.026
-145.343
-122.254
-57.361
27.685
115.957
157.432
158.484
123.025
75.760
-12.214
-70.070
-112.658
-98.910
34.048
135.094
178.726
225.029
276.462
319.261
327.620
299.673
223.212
127.884
15.168
-58.890
-163.506
-227.879
-247.601
-249.496
-219.208
-132.804
-133.488
-167.412
-231.101
-264.253
-307.305
-348.883
-359.745
-308.991
-306.498
-254.262
-217.985
-183.103
-99.188
-52.362
-18.557
-23.449
-64.348
-95.212
-124.674
-141.987
-151.110
-103.210
-59.792
22.804
71.621
68.244
6.319
-22.076
-29.318
-0.192
21.555
31.863
2.122
-60.539
-122.108
-168.279
-200.213
-197.020
-168.229
-140.316
-103.488
-61.756
-34.516
-15.493
21.611
57.644
72.273
111.633
160.278
198.336
244.349
239.574
248.191
228.585
233.518
238.131
249.112
238.130
247.160
261.140
227.343
186.552
143.210
115.187
141.976
176.789
219.127
200.308
145.517
60.115
15.027
-15.822
16.994
22.940
23.841
18.078
-26.688
-34.135
-65.401
-91.002
-103.433
-139.744
-129.821
-112.418
-82.578
-54.662
-64.211
-90.772
-114.423
-117.650
-103.380
-57.865
-16.452
11.690
27.371
22.973
6.484
-10.927
-7.917
32.098
27.793
24.352
24.610
4.678
-7.473
-3.613
0.412
-22.376
-52.806
-96.101
-110.982
-124.319
-87.139
-69.753
-73.944
-89.037
-99.616
-100.064
-92.885
-114.516
-93.923
-50.442
-0.524
18.351
