2.765
-0.982
-6.055
-10.017
-10.842
-9.150
-6.619
-5.342
-2.064
5.791
9.192
10.175
12.152
9.501
5.794
-0.097
0.837
3.024
6.857
-8.690
-24.648
2.717
-7.102
-2.921
14.095
3.433
4.427
-11.785
10.691
36.426
25.799
3.819
-6.996
15.850
-0.593
-24.405
-115.279
70.465
122.290
-14.677
-61.917
-45.392
-17.046
106.655
-57.745
64.245
49.964
-182.957
270.885
-46.415
115.027
-85.073
-543.445
94.787
168.456
360.730
-43.578
-655.339
-50.642
276.105
402.477
122.475
-169.270
-57.387
90.463
45.725
56.549
-40.925
-482.236
-429.155
55.789
623.733
516.203
-372.410
-561.692
-353.024
265.203
476.535
-92.544
51.710
306.604
316.555
13.224
-301.194
-285.503
-226.445
-111.670
140.349
224.237
9.109
-140.960
-184.023
-197.251
128.017
356.497
441.069
309.027
-194.034
-653.926
-401.631
165.250
692.959
97.511
-393.066
-248.081
0.986
140.925
-80.203
-338.332
-160.442
458.327
538.762
148.474
-373.554
-582.889
-349.865
330.947
652.484
147.105
-200.789
-217.572
-34.366
354.351
-8.788
-253.734
-70.019
-83.624
504.747
551.066
-110.812
-156.043
-192.362
-227.375
-171.476
-315.611
-48.343
19.486
50.698
175.971
88.142
-269.240
-284.802
-97.832
271.559
333.175
246.814
61.256
90.192
256.932
121.430
-319.237
-666.239
-426.292
-93.876
124.074
166.238
-12.608
219.846
179.137
203.243
-142.765
-433.030
-124.594
72.915
299.538
662.977
474.033
426.896
121.884
-195.831
95.269
-348.727
-402.222
-227.816
-726.102
-854.919
-484.303
-509.961
-505.439
-809.697
-1120.013
-967.359
-741.954
-470.558
211.795
542.306
920.642
1656.526
2225.376
2379.232
2270.944
2024.128
1787.668
394.722
-1533.054
-1640.324
-195.028
745.735
-23.376
-999.772
-1339.979
-693.619
493.878
900.023
618.939
-1147.399
-2228.387
-1840.551
-353.392
1502.892
1609.979
1057.313
511.258
356.123
62.987
-654.193
-1061.452
-897.728
-1123.148
-1028.625
-1025.968
-1141.803
-99.745
1317.132
1625.183
1535.298
771.550
-500.398
-1373.726
-1482.414
-1128.405
-888.234
-850.611
-1303.961
-1525.841
-1089.487
-767.212
135.911
1400.143
2202.621
3113.258
3509.283
3063.320
1991.698
439.576
-849.606
-1617.828
-1704.787
-1428.221
-1095.244
-1051.597
-676.465
309.236
1354.034
2358.466
2988.833
2872.818
2387.390
1375.511
-91.021
-1353.162
-2140.817
-2285.666
-2610.773
-2905.487
-2654.332
-2355.853
-2128.921
-1570.458
-405.242
1112.899
2196.414
2677.906
2648.029
2237.566
862.265
-900.581
-2194.660
-2504.025
-2138.177
-1875.891
-1298.204
-719.310
26.533
1637.770
2813.473
3086.762
2928.146
2157.762
603.651
-812.908
-1950.073
-2185.537
-1954.315
-1657.260
-1344.007
-692.807
94.614
825.755
1262.529
1517.869
1124.010
831.751
775.684
1152.774
1508.689
1254.387
346.927
-419.300
-526.869
-434.554
-443.274
-863.281
-1377.030
-1644.985
-1032.177
420.460
1356.894
1348.511
628.814
-76.450
-546.909
-535.867
-361.284
-265.048
-331.028
-652.685
-419.844
113.909
146.216
-124.552
-290.801
-192.439
146.332
415.148
300.491
10.124
-176.527
-202.382
43.946
605.880
724.099
472.588
-126.968
-534.303
-529.075
-151.604
-18.675
29.759
56.503
226.895
467.695
607.267
415.716
54.664
51.606
480.257
968.800
1089.758
588.373
-289.207
-1120.931
-1549.623
-1458.455
-1115.887
-642.398
-184.844
21.583
245.502
598.406
844.790
955.718
775.974
107.167
-350.332
-408.759
89.505
424.907
328.781
-86.215
-668.216
-1011.623
-877.994
-307.781
290.844
730.087
885.398
745.466
550.723
352.511
-174.432
-567.684
-686.358
-532.152
55.112
227.148
-402.091
-980.431
-943.305
-161.340
690.900
1368.702
1607.962
1490.380
1199.881
844.779
342.087
-531.334
-1298.274
-1520.554
-1344.044
-1160.414
-817.622
-618.433
-489.542
20.943
899.171
1380.825
1319.979
1032.281
783.330
632.021
458.869
-75.791
-962.253
-1605.902
-1815.487
-1713.637
-1360.743
-694.269
66.833
637.883
843.339
855.260
691.937
229.802
-128.678
-187.132
-241.789
-355.279
-480.993
-496.277
-245.361
-75.315
-63.587
-60.957
-136.549
-321.620
-545.128
-721.530
-673.582
-235.041
444.369
612.228
130.318
-406.758
-330.337
580.524
1174.004
1483.356
1512.806
1373.298
1302.344
1348.210
1528.548
1723.724
1578.452
1006.809
470.868
160.253
-52.830
-385.627
-754.093
-1180.285
-1389.082
-1332.292
-1184.300
-1160.002
-1529.457
-1990.941
-2207.984
-2077.345
-1554.381
-929.945
-722.666
-651.314
-570.676
-267.085
185.033
663.921
977.683
1020.313
856.900
713.660
866.847
1160.537
1362.847
1369.028
1240.283
1048.998
822.966
647.192
467.627
139.592
-274.275
-662.422
-827.942
-815.366
-759.987
-753.212
-698.747
-586.292
-452.707
-252.692
63.866
262.589
392.212
441.324
402.572
338.171
241.880
214.758
216.528
196.410
125.087
-70.227
-165.835
-153.887
-62.315
17.124
116.597
204.003
287.344
285.869
240.453
200.334
174.558
137.663
6.154
-210.632
-398.941
-513.060
-482.784
-298.907
-48.559
143.342
228.966
298.557
394.076
434.798
344.456
81.813
-253.812
-510.494
-579.128
-472.533
-183.242
63.705
208.268
223.013
108.513
34.867
130.170
250.154
312.459
291.086
155.560
-4.141
-49.555
-81.074
-136.708
-213.712
-244.721
-212.328
-213.954
-221.598
-226.070
-246.207
-175.857
-53.016
77.001
117.571
50.526
-42.112
-19.430
41.984
47.607
60.832
-1.432
-54.430
-47.543
20.777
165.250
251.201
304.798
296.126
256.283
233.438
247.664
260.831
235.240
121.619
-82.182
-230.928
-258.456
-172.827
-146.284
-87.919
65.648
37.571
39.790
50.348
78.403
85.227
112.819
106.591
52.100
-26.246
-195.876
-359.833
-405.387
-365.438
-251.983
-68.140
99.552
178.422
161.193
95.512
-88.201
-264.651
-303.153
-278.113
-255.665
-209.668
-152.649
-118.535
-145.887
-242.641
-361.006
-465.376
-547.100
-608.951
-552.731
-373.795
-128.042
36.345
118.813
176.786
257.479
309.116
303.315
239.603
197.041
158.423
138.691
183.098
257.466
319.409
362.023
409.946
481.257
492.351
487.698
444.473
384.078
308.752
272.549
240.058
207.613
194.290
159.547
114.318
76.150
-52.508
-168.532
-239.782
-313.054
-363.389
-356.418
-342.630
-286.648
-214.380
-176.601
-221.284
-249.661
-236.935
-231.739
-235.218
-254.641
-272.965
-296.131
-328.772
-360.983
-361.740
-300.657
-201.675
-94.615
-12.495
96.591
239.593
384.846
474.610
523.378
536.098
553.400
603.454
660.181
660.615
587.542
421.831
277.853
138.049
83.787
46.706
44.008
18.712
-55.942
-154.553
-209.937
-268.183
-341.952
-386.088
-419.628
-454.290
-465.965
-440.647
-381.614
-299.116
-243.357
-202.945
-159.424
-70.218
37.931
102.107
123.639
167.317
241.400
336.450
375.781
346.987
296.253
225.768
142.645
68.524
-5.682
-130.952
-227.670
-271.347
-253.909
-226.781
-238.097
-292.954
-350.319
-390.786
-428.506
-412.501
-364.806
-271.339
-124.793
30.939
192.277
321.742
442.468
554.822
639.172
669.500
655.338
585.700
504.236
386.285
227.251
95.788
-34.309
-118.262
-174.281
-223.832
-271.034
-347.470
-396.813
-410.747
-428.432
-475.894
-531.750
-530.805
-480.345
-374.074
-210.041
-35.598
111.511
197.506
292.881
387.562
449.484
478.347
481.851
453.087
409.932
350.878
281.325
210.760
97.015
-43.606
-70.080
-45.756
21.928
47.716
51.244
42.182
45.522
76.280
125.532
113.447
74.313
4.365
-58.196
-80.405
-89.894
-81.898
-62.508
-61.603
-67.127
-70.684
-76.328
-89.385
-108.294
-124.339
-143.039
-143.088
-142.260
-139.098
-141.665
-147.538
-134.389
-90.653
-22.405
82.158
170.337
234.426
266.454
276.625
267.839
218.871
130.384
6.227
-72.762
-136.055
-162.225
-141.367
-104.501
-65.427
-64.110
-79.854
-105.441
-189.934
-254.753
-296.529
-310.318
-308.834
-312.232
-308.757
-281.230
-229.801
-126.164
-9.972
30.711
42.719
16.869
30.765
49.363
53.297
58.720
61.850
89.983
135.743
167.522
177.873
178.555
173.226
181.899
184.535
195.684
182.740
160.647
140.123
112.770
89.771
40.577
-41.305
-118.738
-129.768
-93.273
-32.333
