-13.891
-30.377
-23.862
-17.712
-14.892
-17.426
-17.509
-12.916
-9.465
-6.137
-7.464
-17.670
-17.670
-11.299
-14.066
-5.250
18.237
8.905
-8.112
13.825
-1.441
19.065
47.313
5.686
-11.093
-1.444
30.799
33.813
40.643
-18.136
50.711
43.433
15.154
-36.859
-89.037
99.333
107.758
-101.483
-125.813
99.097
-115.575
308.422
50.621
-63.275
-134.213
51.370
212.287
-135.474
187.384
-185.636
-263.591
161.697
257.782
120.285
-309.296
-106.379
-13.202
223.631
306.584
62.505
-107.279
-503.749
-98.317
354.844
193.388
-209.479
-497.970
152.014
381.060
295.203
-171.609
-478.806
23.620
58.183
212.800
59.700
-2.346
67.405
1.848
-138.807
-209.375
-149.324
-31.719
235.681
436.878
233.108
-124.845
-186.438
295.187
482.654
88.527
-348.340
-187.161
118.766
485.693
-382.606
-746.262
-486.595
504.740
625.308
-241.410
-702.571
-766.126
676.971
570.494
156.593
-390.358
-222.401
134.608
166.759
-247.818
-628.070
-310.884
723.017
1405.306
456.486
-723.141
-953.665
-397.111
459.318
400.012
-352.500
-974.615
-286.194
424.078
467.137
-247.001
-409.791
-64.098
459.322
157.707
0.603
82.596
240.744
382.775
545.094
-108.714
-441.869
-1.104
202.422
68.381
-337.919
-254.023
-236.299
75.967
431.950
91.674
-259.892
-404.234
-343.700
-199.462
246.573
493.057
353.011
-25.702
-315.811
-617.490
-273.165
22.731
22.407
201.144
39.318
124.094
-286.133
-724.399
-608.973
-542.418
-356.351
-44.659
251.743
867.573
1080.193
447.875
250.013
321.477
-105.923
-558.298
-558.294
-911.339
-956.286
-789.498
-808.028
-1029.136
-1161.702
-1145.517
-1344.184
-1385.576
-869.059
-169.995
8.669
-187.665
-128.357
978.459
3792.204
3548.462
2929.375
2119.110
492.692
910.131
2499.214
2365.566
1730.133
158.968
-1084.125
-1697.876
-740.354
613.119
736.316
391.786
-62.191
304.175
1413.037
1309.262
163.607
-553.486
-801.867
-548.853
344.711
470.744
136.355
-103.097
-219.140
-695.059
-896.818
-1389.022
-1829.810
-1742.105
-773.366
-364.468
-1064.330
-1545.895
-2028.857
-2086.941
-1444.937
-914.951
-427.116
-372.599
-769.172
-751.514
-200.356
519.020
810.104
1058.684
1692.867
1781.271
1520.951
863.103
12.279
-812.401
-799.940
-564.245
-694.342
-728.564
-210.814
244.952
434.841
630.711
982.919
1412.971
1859.519
1974.847
1715.462
1178.556
895.418
433.203
37.587
149.592
126.466
-186.463
-131.282
33.098
-513.703
-939.867
-1181.318
-1157.039
-1425.723
-1113.173
-19.436
474.806
560.801
-148.365
-496.491
174.358
1014.026
567.460
0.886
-430.045
-778.074
-874.842
-76.296
873.973
1319.429
1104.757
300.797
-980.721
-2054.039
-2343.988
-2115.521
-1802.123
-1474.878
-1233.229
-890.459
367.121
2272.947
2712.750
2267.227
1170.271
37.297
-269.993
342.866
859.350
1260.494
1108.235
631.038
565.764
806.472
732.853
486.419
56.686
-342.006
-910.625
-1302.715
-1362.122
-1302.572
-1424.210
-1169.293
-1040.053
-1008.648
-155.915
807.822
948.913
352.457
69.071
193.619
423.167
616.061
868.010
1118.041
923.561
178.961
-509.072
-1108.211
-1262.811
-1009.527
-682.833
-658.355
-1072.687
-1479.572
-1566.561
-1486.768
-1217.969
-932.478
-606.440
-247.942
108.525
837.708
1610.714
2297.117
3039.877
3591.284
3812.678
3555.630
2812.875
1939.725
1088.223
1433.369
1804.203
1703.187
1145.539
258.901
-476.242
-1446.172
-2385.402
-3081.927
-3495.358
-3701.069
-3651.505
-3403.971
-2651.385
-1536.883
-702.983
-511.676
-568.600
-533.820
-563.647
-918.727
-881.779
-277.987
642.796
1733.422
2214.628
2120.692
1773.405
1124.864
286.928
-312.845
-563.594
-578.561
-484.379
-491.978
-835.085
-1228.119
-1250.914
-650.683
-32.072
11.808
-187.882
-168.032
349.422
1161.713
1767.050
1848.917
1408.415
781.791
370.609
4.765
-159.194
-238.275
-531.883
-733.224
-701.561
-355.097
97.851
480.480
816.260
1046.688
1033.432
603.021
267.708
371.306
675.592
778.224
684.720
383.864
83.844
23.634
265.950
464.502
436.235
240.472
-187.385
-747.906
-1195.351
-1598.291
-1987.726
-2220.502
-2212.332
-2013.393
-1585.881
-769.328
23.702
358.515
318.109
175.143
-40.993
-51.296
165.906
433.019
617.753
752.764
1102.090
1433.396
1641.114
1799.905
1705.207
1215.943
633.973
278.179
381.016
871.457
1113.212
1016.916
661.029
328.694
238.817
288.534
170.708
-313.945
-751.460
-1133.790
-1195.108
-917.533
-442.739
-70.608
88.403
231.494
468.630
615.733
567.359
118.258
-527.647
-903.585
-896.653
-480.329
-22.513
85.116
-60.200
-290.147
-438.935
-660.726
-847.828
-837.238
-774.691
-716.584
-613.500
-431.138
-81.904
237.207
467.552
548.690
568.194
618.231
768.020
974.450
997.367
734.971
309.095
68.594
-35.834
-143.813
-358.470
-542.914
-697.447
-856.294
-979.591
-1038.437
-971.012
-836.842
-629.858
-450.491
-383.100
-286.790
-49.614
201.161
409.962
535.880
581.429
638.019
596.646
470.981
319.495
153.721
78.213
69.934
48.422
-66.355
-292.635
-382.663
-284.906
-149.502
19.573
278.879
456.578
466.806
429.587
338.925
187.233
65.036
-58.513
-144.267
-236.726
-320.181
-466.925
-594.757
-593.557
-422.879
-176.383
15.728
74.823
42.367
-41.692
-65.500
-11.458
72.476
165.883
200.107
240.249
340.492
449.204
525.915
508.155
342.701
132.938
52.828
50.197
139.280
271.266
337.009
411.504
365.274
54.447
-329.207
-590.059
-672.854
-668.029
-649.543
-633.417
-624.046
-580.663
-480.922
-418.208
-350.369
-200.782
51.233
183.189
488.562
335.987
370.441
292.420
227.370
406.902
452.117
529.613
525.590
455.528
288.231
181.368
187.530
263.419
331.445
352.503
317.900
255.874
176.839
82.557
46.720
9.577
-29.815
25.938
32.338
-68.465
-174.147
-210.159
-216.308
-172.053
-121.645
-128.401
-177.581
-193.974
-165.607
-145.746
-139.119
-173.993
-254.089
-310.685
-334.618
-329.053
-294.882
-242.021
-208.022
-181.542
-150.912
-159.853
-193.171
-186.905
-181.890
-172.053
-152.058
-69.327
-6.368
78.614
198.989
200.702
114.361
-6.279
-148.813
-273.005
-323.115
-379.739
-425.744
-428.764
-423.353
-408.302
-384.808
-297.770
-150.784
26.492
179.818
318.029
471.829
603.834
645.297
637.018
632.185
660.250
733.157
753.478
671.111
521.606
381.281
244.835
131.226
69.141
28.970
30.775
53.934
58.448
38.355
6.992
-20.416
-57.179
-118.312
-172.219
-181.853
-227.144
-306.636
-389.507
-443.527
-494.699
-481.918
-341.566
-142.847
-0.849
78.984
87.012
87.973
84.065
85.024
82.508
66.841
5.993
16.907
73.479
114.787
96.374
47.464
-4.005
-40.846
-30.468
-3.114
44.744
86.526
130.139
152.679
94.500
-66.599
-163.052
-172.015
-172.625
-187.420
-184.615
-116.714
-39.561
36.799
105.893
148.041
174.538
172.471
216.073
281.499
322.411
324.294
300.872
280.155
209.908
112.274
-9.995
-116.588
-172.746
-214.149
-236.898
-194.408
-149.956
-110.780
-121.424
-183.793
-228.590
-264.786
-262.942
-271.637
-285.350
-263.202
-149.952
4.013
84.994
118.353
162.366
165.895
173.794
176.766
187.971
243.698
345.908
460.309
460.561
360.375
227.616
142.778
93.132
57.739
54.980
65.842
62.266
27.344
-36.524
-95.722
-134.964
-131.216
-118.654
-137.860
-213.421
-295.049
-342.036
-340.888
-295.990
-231.807
-216.660
-201.086
-203.309
-235.463
-225.706
-160.772
-136.699
-134.531
-58.569
64.660
113.110
99.304
15.882
-54.716
-58.961
-27.829
1.633
-6.754
8.293
79.582
125.146
109.863
108.372
91.771
24.076
-87.082
-167.116
-180.385
-115.210
2.293
99.967
158.371
179.550
177.171
166.650
137.575
98.925
70.886
82.198
64.774
42.789
60.915
92.580
106.735
66.103
-0.047
-56.103
-75.274
-58.359
-15.700
7.571
1.041
-19.693
-52.821
-87.403
-109.469
-115.365
-123.605
-96.727
-34.871
-10.859
-13.286
-16.434
-12.400
27.555
82.838
90.524
64.017
2.934
-38.260
-52.361
-44.213
5.447
53.707
70.540
72.753
78.954
75.581
46.093
7.599
-21.265
-28.189
-14.688
22.109
65.263
94.677
