19.365
-26.223
-26.189
-25.676
-25.042
-24.827
-24.849
-24.338
-23.825
-23.754
-23.774
-22.931
-22.345
-22.473
-23.032
-23.762
-22.933
-21.290
-21.097
-21.687
-22.077
-22.032
-21.992
-21.574
-20.617
-20.308
-19.975
-20.078
-19.784
-18.964
-18.376
-18.250
-18.181
-18.204
-18.248
-18.055
-17.653
-16.858
-16.163
-16.214
-15.763
-15.368
-14.807
-14.463
-15.038
-14.079
-7.437
-4.876
-23.134
-18.483
-13.586
-9.184
-19.065
-30.412
-29.244
-15.883
-5.123
-3.773
-4.411
-5.602
-7.037
-7.830
-8.792
-9.857
-10.714
-10.811
-11.233
-12.034
-12.637
-13.586
-14.839
-15.489
-15.150
-14.698
-14.367
-14.470
-15.189
-14.966
-14.341
-13.601
-13.107
-12.396
-10.387
-8.134
-4.331
-0.566
4.742
5.076
-4.182
-14.729
-48.561
-26.032
86.029
13.584
-23.482
-25.001
-29.866
-27.439
42.794
-15.523
-6.145
5.613
7.468
6.476
-3.407
-14.052
-24.907
-35.547
9.857
31.747
-8.554
-10.445
-1.825
15.929
6.104
-3.989
-14.123
4.167
71.094
11.207
-20.621
17.435
67.696
28.169
-15.132
-25.121
-5.132
75.692
28.335
109.517
41.232
-126.115
69.552
-8.218
163.556
-69.490
43.270
95.241
110.715
7.130
70.265
56.263
-75.465
130.444
-62.847
-77.026
36.306
136.899
-24.662
62.506
180.773
-30.980
116.480
168.737
202.382
192.631
-128.733
174.508
191.984
-22.431
-23.794
86.417
-94.739
283.821
24.588
221.723
73.662
15.896
357.345
-37.251
209.497
-75.896
-67.125
123.529
-31.839
223.194
88.449
-50.119
147.932
211.206
-202.235
79.486
-18.072
162.586
13.462
-166.736
272.311
-60.339
-52.037
12.521
112.484
108.024
-35.211
100.907
-203.751
-30.238
-72.656
-21.532
35.593
-116.110
-61.439
279.540
252.870
41.916
371.620
0.544
-229.225
42.274
274.215
71.341
146.148
336.275
288.454
125.426
-404.360
-363.005
163.036
402.590
47.690
40.379
69.705
672.156
294.174
-6.155
208.933
419.714
158.307
220.983
204.250
262.255
427.579
261.228
-102.622
-597.150
-355.560
284.396
-170.119
-205.083
305.621
340.731
280.579
3.791
-179.255
-24.886
81.016
-62.242
126.990
148.244
49.206
66.068
-64.029
211.691
118.619
16.393
135.954
3.812
-72.624
-125.144
42.325
236.766
-436.633
-107.400
244.631
115.541
-92.878
-421.963
-1214.481
-960.283
822.589
1406.268
1112.051
507.844
1000.884
756.719
1251.590
1314.175
1138.088
1747.307
1713.307
152.679
-64.154
-295.796
-2329.720
-3829.845
-3680.140
-2172.437
-1040.102
-341.302
-39.917
-4.946
-912.137
-1513.605
-1620.859
-1538.767
-1493.769
-532.561
61.236
54.303
34.852
-25.983
-323.890
-767.281
-1201.818
-703.182
-441.730
-304.416
-219.511
-158.224
21.646
228.198
450.158
273.551
-285.525
-606.820
-836.971
-1045.251
-1039.396
-671.999
-509.385
-419.395
-484.571
-738.750
-842.197
-292.663
-180.532
-131.764
-197.099
-90.449
30.403
120.475
330.714
672.118
1314.768
1832.456
1327.720
711.875
585.956
1356.233
1602.640
1749.282
1440.167
820.780
158.082
434.742
953.508
1031.866
984.948
697.906
-191.952
214.180
159.371
383.445
665.602
-203.972
-965.821
-984.278
-665.819
-113.313
297.073
456.336
194.271
6.798
369.733
684.344
331.067
149.498
-58.412
-226.223
-470.415
-840.602
-1060.084
-1023.440
-846.015
-1031.773
-1307.849
-1363.869
-1074.207
-1538.773
-1808.302
-1894.340
-1845.119
-1492.634
1116.068
1673.272
878.854
573.193
46.548
738.397
1435.644
671.189
-1113.136
-770.072
961.847
2159.934
1833.597
421.609
-1189.849
-476.919
-271.530
203.207
929.264
208.188
-238.660
-161.276
234.592
943.931
1138.017
155.742
-720.434
264.854
807.644
-195.268
-494.128
-465.100
613.490
1322.860
778.865
-425.241
-1481.344
475.408
1298.532
905.817
813.939
-264.089
-841.972
-658.010
-1147.040
-863.575
417.859
866.330
265.868
386.193
1168.798
453.093
-990.935
-1109.195
-1046.830
-817.695
-526.180
-475.795
-738.914
-1067.351
-1292.437
-1236.188
-760.881
-138.090
-103.939
-553.213
-395.645
-57.882
271.325
242.863
-239.773
-759.035
-621.244
-106.468
-157.774
-210.108
716.009
964.106
1275.947
890.970
-269.816
86.492
610.035
1133.082
1541.338
1241.260
1007.270
1025.160
917.527
672.366
419.457
357.337
585.476
381.714
41.469
196.417
236.278
84.761
285.195
518.313
388.713
-37.894
-87.910
153.839
24.881
-6.587
-94.056
-402.644
-359.545
158.049
405.160
181.396
-168.672
26.460
353.255
33.831
-234.243
-363.858
-294.424
306.007
321.753
-270.229
-516.874
-324.246
303.887
99.809
-133.172
-10.785
-65.013
-111.543
-187.542
-58.601
-284.856
-454.562
-228.817
816.922
632.344
108.661
-39.311
-103.320
-317.363
-200.389
383.612
655.002
53.134
-340.203
449.165
627.704
661.412
207.648
-471.267
-541.135
-475.495
-470.347
-405.286
-405.100
-633.026
-584.799
-468.740
-326.505
101.824
-15.809
-178.870
-118.432
195.902
316.089
-122.886
-394.973
-59.832
257.773
355.847
200.638
7.730
-304.294
-335.103
-447.645
-622.458
-547.715
-310.149
-102.843
-89.657
-123.819
-137.104
-130.577
-127.377
28.992
37.306
158.159
457.985
547.743
132.899
-0.759
18.721
-6.350
64.704
249.113
511.629
352.616
-238.140
-471.375
-180.216
-11.749
-58.006
-54.065
103.519
91.800
6.464
96.141
135.378
186.843
324.803
379.455
287.899
106.395
-136.491
-304.062
-368.958
-26.488
517.068
422.018
149.358
70.320
141.518
126.041
-76.848
-204.033
-314.481
-343.347
113.753
481.410
362.698
-17.609
-194.124
20.448
209.651
218.777
93.243
158.216
326.582
234.414
61.080
42.987
205.660
531.443
455.185
370.182
246.963
60.813
-47.870
-197.481
-193.668
-72.679
-27.718
-78.392
-159.878
38.401
321.014
420.377
281.138
154.187
140.181
52.062
60.273
124.640
190.538
122.768
11.381
4.077
228.675
243.725
147.953
152.464
104.079
178.126
208.765
40.600
-132.641
-219.747
-186.627
-48.125
-42.094
-12.123
33.682
119.263
-1.098
-241.520
-251.648
-179.839
-62.311
43.436
58.040
-33.949
-117.437
-97.785
-76.684
-67.413
-28.653
16.740
30.483
-1.690
-67.844
-144.131
-252.691
-261.246
-244.985
-221.168
-194.175
-94.609
-68.939
-148.304
-218.073
-299.641
-377.594
-359.494
-181.771
25.471
76.659
78.914
124.041
34.259
-79.852
23.495
83.945
17.478
-40.358
-93.523
-225.981
-384.626
-419.176
-326.682
-221.957
-145.240
-108.052
-118.360
-94.485
-36.217
33.450
33.067
-40.306
-106.744
-131.986
-119.252
-214.874
-217.100
-184.311
-190.837
-223.544
-324.911
-300.570
-137.140
91.484
159.989
140.643
126.810
94.500
-48.504
-194.432
-241.683
-284.071
-289.113
-277.074
-268.599
-247.103
-197.542
-150.668
-113.120
-18.756
0.877
30.572
37.333
68.341
63.700
62.308
81.291
-33.638
-13.126
-18.941
-62.193
-97.019
-132.931
-205.138
-231.290
-226.834
-220.370
-219.553
-150.320
-34.804
35.824
-14.898
-98.638
-52.453
-10.794
-86.071
-125.722
-129.147
-136.468
-76.854
-89.550
-13.815
111.238
154.684
182.711
209.981
266.548
295.971
303.359
315.331
303.520
307.387
346.536
303.549
143.269
69.303
55.796
86.293
137.250
104.155
70.195
17.833
6.085
57.113
38.537
-12.300
1.325
45.824
-23.584
-104.086
-61.880
30.885
174.990
115.898
-102.513
-147.994
-34.465
62.197
102.933
124.798
114.155
12.060
-18.076
-21.962
14.903
22.148
-53.120
-108.270
-103.686
-62.288
-11.461
60.288
109.771
126.394
81.123
33.181
92.528
107.389
97.307
52.290
22.487
10.656
10.972
34.139
107.403
139.345
79.373
21.143
-53.320
-69.784
-26.330
14.187
33.520
19.489
-40.687
-69.574
-17.018
66.177
110.564
143.605
182.483
