27.733
-12.170
-11.424
-11.079
-11.361
-11.705
-12.291
-12.626
-11.783
-11.318
-11.607
-11.924
-12.472
-12.437
-11.878
-11.102
-10.892
-11.776
-12.138
-11.888
-11.466
-11.905
-12.441
-12.810
-12.825
-12.853
-12.242
-11.386
-11.134
-11.132
-10.701
-10.379
-10.342
-10.216
-10.682
-11.727
-13.271
-13.210
-13.679
-14.743
-15.551
-15.133
-14.432
-14.551
-14.628
-14.563
-14.330
-14.570
-16.010
-15.958
-15.889
-15.767
-16.108
-17.101
-17.755
-16.877
-15.846
-15.603
-16.509
-17.681
-17.926
-17.569
-17.905
-18.296
-18.355
-18.176
-18.288
-18.462
-18.185
-17.914
-16.813
-15.831
-15.893
-15.934
-15.068
-14.087
-12.727
-11.634
-11.543
-11.749
-12.245
-11.573
-10.842
-10.273
-9.733
-9.508
-8.879
-8.044
-13.922
-20.282
-22.340
-20.680
-14.883
-18.180
-19.985
-19.696
-19.517
-12.180
-0.344
-1.276
-0.365
0.650
0.439
0.044
0.255
-12.087
-13.775
1.194
20.286
3.926
-30.225
-65.975
-48.613
-9.902
77.530
19.445
-26.202
-15.122
-36.832
36.537
34.042
-76.514
98.208
-31.870
87.880
-97.962
3.477
-9.935
-0.450
-28.172
34.476
21.431
-17.207
4.814
50.936
60.552
-101.377
-157.358
-73.915
6.415
60.254
61.448
60.755
-43.271
-126.917
61.255
28.400
86.548
41.278
18.349
10.073
237.919
-176.865
165.275
1.365
207.914
28.127
-85.848
26.782
-285.865
246.569
-97.305
85.337
49.573
-276.868
218.550
88.099
3.844
102.590
-60.786
25.411
94.627
-204.684
-76.705
-3.010
-117.761
-186.118
87.612
61.363
22.845
2.217
16.865
-85.314
27.636
-3.516
48.693
-145.483
51.191
-398.981
33.078
1.338
-46.096
-142.089
-64.622
134.649
133.893
-10.521
-23.155
221.090
17.532
-51.899
-10.307
-73.242
235.784
355.932
334.918
216.627
118.830
23.033
-46.707
-9.014
202.736
-211.395
158.782
-27.310
26.445
250.723
387.790
327.302
388.996
509.897
368.092
298.073
293.999
423.926
424.697
255.048
349.625
159.422
229.591
180.827
116.070
453.313
464.029
598.289
527.172
524.797
557.007
612.210
586.375
463.864
427.790
520.699
534.380
384.551
516.410
636.952
510.373
353.520
359.145
438.749
462.195
445.161
311.931
265.787
171.520
-100.589
-257.027
-290.812
290.691
507.084
-834.281
-938.057
-1410.064
-1770.135
-1558.304
-1576.707
-1365.377
-1438.938
-293.880
1861.119
2295.661
2028.435
593.230
-1338.466
-1172.297
2102.918
2896.151
606.179
234.261
1098.428
178.376
-994.822
-1587.452
-1157.148
-958.029
-848.016
-573.743
-822.174
-1039.532
-1228.017
-610.460
-744.261
-339.935
184.557
954.209
932.159
383.412
-596.927
-883.038
-852.229
-453.972
-269.151
-83.750
-428.583
-730.393
-397.556
463.144
700.015
549.688
132.418
-68.442
-549.310
-895.533
-1099.778
-1160.932
-1035.415
-537.301
-543.244
-819.455
-810.485
-1131.838
-1007.807
-1085.381
-1382.968
-1571.453
-1018.399
-112.261
-356.903
-270.122
-460.757
-522.706
-520.325
-508.526
33.188
51.330
390.917
597.557
202.184
-214.007
-100.454
116.717
256.975
859.455
976.913
-1210.829
-1405.224
-1159.947
-1044.997
-761.984
-305.040
-470.185
-391.674
-235.110
188.472
72.000
-56.533
530.254
519.722
95.134
-480.421
-243.345
574.558
1271.389
1851.406
1651.123
2009.003
2034.622
1448.386
-137.733
-549.431
-202.505
-226.012
68.132
936.636
400.423
237.261
-262.418
-1148.443
-210.357
350.666
-167.449
-1048.839
-1044.697
-19.734
55.073
-1315.577
-1284.312
1708.953
1788.196
1521.057
1381.367
-769.069
-2434.200
-1637.618
-1804.308
-1758.457
-1365.098
-965.154
1234.286
1077.049
-643.960
-852.376
-14.332
1677.976
2126.764
293.638
-133.970
886.632
633.924
-176.134
778.971
1113.873
1119.165
1443.377
1326.575
1450.874
1442.236
1055.267
1124.392
609.787
-278.955
-1110.350
-1153.423
-540.546
515.704
722.569
454.634
390.795
203.113
65.224
261.777
150.092
-98.317
-353.585
190.628
338.697
-67.217
-65.126
219.287
442.663
530.080
504.893
263.070
-282.272
-656.047
-900.567
-1112.759
-43.639
1013.521
437.798
-92.136
-593.895
-102.324
840.568
305.318
43.348
-101.465
-93.264
398.133
466.918
387.597
147.319
-501.626
-679.091
-566.754
-754.270
-1066.260
-787.811
128.597
143.597
137.903
736.010
1013.599
155.969
-349.954
-57.206
145.517
405.417
628.586
413.825
-7.382
-589.707
-54.804
472.859
258.120
-190.833
-368.480
-9.825
527.956
635.039
139.634
-717.348
-685.371
-10.464
339.660
335.243
461.927
533.804
315.447
299.687
264.190
238.150
203.493
-72.662
-212.548
-157.490
-9.250
262.593
319.621
-385.935
-729.840
-88.299
605.680
418.735
150.369
-275.424
244.255
374.264
5.255
-314.303
-372.228
-133.234
54.184
-4.209
-429.676
-336.873
-194.303
-350.578
-216.346
143.556
74.645
-101.462
-392.883
-360.560
29.754
-24.352
-334.951
-191.286
372.186
418.608
-33.768
-278.289
-289.065
-56.419
285.928
-111.946
-378.088
-346.004
231.847
358.123
75.699
-149.259
-313.218
-426.562
-528.387
-652.569
-459.878
-143.292
-113.784
-44.924
-14.449
-43.978
-341.027
-631.673
-522.827
-279.944
-144.659
-227.817
-316.255
-407.904
-438.376
-108.976
44.314
-182.226
-370.027
-94.769
234.566
157.067
-67.928
61.097
149.108
112.575
61.449
63.863
-71.436
-98.138
-212.531
-192.896
73.375
126.148
-45.128
-158.689
19.726
10.170
-170.516
-39.014
86.426
103.799
162.550
-22.982
-74.929
83.804
206.119
227.089
216.592
155.264
152.053
56.973
-34.654
55.775
133.807
251.022
297.416
179.782
76.466
-55.361
15.332
164.052
256.909
135.552
57.343
127.432
225.387
275.902
245.281
151.071
66.692
-151.958
-267.251
-13.445
48.731
-50.909
7.136
82.357
242.043
312.093
214.882
178.808
174.374
70.593
32.394
109.074
108.451
-26.376
-55.344
53.788
44.713
-37.529
-87.408
76.043
232.251
241.168
179.763
12.227
-114.074
-120.365
15.310
180.971
86.157
-56.964
-120.497
-131.281
1.839
-7.169
-80.806
-81.919
-19.218
-15.493
5.107
29.426
197.173
294.126
191.695
177.756
129.181
32.345
44.344
88.578
63.437
-98.435
-159.381
-211.054
-298.506
-363.312
-323.041
-224.248
-166.043
-35.341
180.691
154.015
5.202
-77.355
-76.131
-12.191
34.992
74.562
154.063
136.872
71.835
77.470
97.829
16.550
-124.332
-76.476
-33.078
-115.000
-220.311
-304.587
-317.455
-126.012
63.104
54.507
-6.665
9.848
16.216
45.443
53.036
40.398
-79.493
-80.259
-36.884
8.244
91.875
110.256
122.585
51.983
-97.225
-86.037
16.508
106.162
154.178
200.719
215.221
146.607
57.125
54.571
10.574
20.511
110.492
30.148
-162.423
-191.606
-152.945
24.143
99.063
51.243
23.320
-14.903
29.950
66.355
72.040
-8.333
-143.055
-154.933
-144.573
35.587
238.953
181.574
53.035
-72.120
-119.442
-16.057
123.903
157.320
89.298
-35.237
-133.390
-100.980
-108.165
-63.011
-129.247
-212.474
-234.563
-204.936
-19.248
75.581
-29.126
-184.985
-182.631
-129.549
-101.220
-130.033
-204.383
-198.999
-158.835
-147.385
-114.923
-91.140
-120.413
-157.066
-125.783
-130.160
-27.915
4.903
14.729
84.890
36.122
-143.528
-190.390
-147.295
-70.706
16.699
109.207
13.946
-57.870
-17.164
39.842
127.995
146.591
77.498
-32.782
-89.172
24.097
96.360
65.438
-6.149
25.225
100.628
145.817
136.777
154.280
111.840
18.156
1.194
47.119
48.874
50.477
107.979
166.769
141.470
39.465
-8.960
-41.894
-24.994
112.791
220.361
169.076
26.833
9.627
-12.424
-47.568
-53.676
-32.422
20.545
16.489
6.100
18.723
-51.455
-30.617
54.976
20.986
-77.281
-142.695
-73.844
74.539
102.825
23.513
18.644
41.992
