-0.919
-8.622
-9.434
-7.901
-5.777
-5.442
-13.588
-17.007
-18.986
-17.989
-12.913
-14.233
-14.022
-15.862
-11.669
-8.202
-6.770
-0.135
-3.477
-3.891
3.838
-6.621
-5.335
-0.680
-11.099
2.009
-16.491
-18.493
-4.186
-19.557
-9.058
-20.059
-4.173
-15.512
7.562
7.217
-12.765
8.072
3.994
9.212
16.655
-0.175
4.033
23.313
-24.276
-1.811
12.363
-10.165
28.782
11.403
-16.151
0.527
-9.810
30.972
4.990
7.334
-22.956
-38.588
34.842
-0.506
4.229
-0.519
-4.469
-24.085
26.394
27.580
12.299
9.323
8.522
-7.918
24.603
-20.256
-20.508
32.038
9.351
17.675
56.121
-28.722
-28.893
-3.573
15.913
5.149
20.435
49.677
41.661
8.315
-7.419
-33.542
34.590
63.966
59.241
4.622
-85.216
-11.990
8.601
34.565
101.082
10.994
-57.629
-30.754
-22.042
6.637
87.506
55.318
4.610
-10.499
-43.041
-28.925
-42.085
32.779
10.569
32.185
-10.369
-17.020
37.922
9.480
-6.188
-27.324
-35.552
-44.467
138.729
39.370
2.799
-19.868
-64.879
35.584
9.654
-6.166
-26.856
-41.467
25.148
-115.235
138.903
-21.261
26.101
39.097
-56.131
-113.616
112.649
24.768
-12.657
16.240
10.605
40.145
7.021
55.117
-88.096
39.732
-179.388
107.544
93.299
60.910
111.517
-85.901
-32.924
-8.200
26.749
48.377
82.140
47.927
12.591
-22.567
67.310
147.488
6.075
62.987
72.131
56.359
93.442
234.528
66.649
81.309
28.902
18.114
15.875
34.985
175.735
86.552
133.186
49.475
-51.232
86.533
63.558
54.268
59.539
-105.684
-144.755
-95.921
-156.350
-141.398
-219.502
-297.499
-393.916
-418.254
-394.673
-113.573
97.111
87.172
27.220
-138.741
-214.633
-191.322
136.171
284.323
244.632
281.636
49.765
-125.921
-165.115
-182.640
-291.709
-152.705
-133.913
37.962
313.482
323.098
314.156
210.614
325.012
245.853
-271.153
-263.264
-109.825
-195.020
-441.618
-261.919
-223.764
-190.539
-59.621
126.521
397.092
612.642
643.413
103.387
-92.089
31.592
-1.082
125.468
-182.312
-113.633
-98.277
-307.168
-273.267
-85.192
42.119
111.353
-138.371
-80.028
258.420
160.573
217.376
-8.697
-267.374
-173.253
-128.014
-213.341
-208.220
-44.203
298.440
138.603
4.279
124.610
100.174
195.951
293.817
57.633
-143.753
5.867
145.263
234.597
317.044
-172.148
-152.533
-129.992
274.722
305.039
194.373
7.980
-85.782
-174.941
-65.197
-156.847
-216.135
175.066
219.843
352.302
190.008
-32.437
-267.556
-280.988
-333.207
-423.814
-344.298
-158.091
-33.571
56.309
-76.314
-593.332
-692.955
-872.060
-910.594
-735.725
-196.907
411.455
559.449
390.195
1.587
-179.488
-542.697
-545.577
-376.658
-295.140
17.670
492.727
931.560
1171.058
1143.699
930.186
-187.681
-972.325
-884.231
-206.486
175.905
427.650
777.129
726.136
341.366
-546.718
-319.109
-4.710
667.448
833.878
224.560
-521.936
-502.126
-299.149
-259.903
-66.729
-279.032
-193.186
142.983
584.970
700.547
644.658
-483.347
-978.566
-396.523
185.734
428.436
492.723
730.690
536.924
270.065
-161.795
-784.433
-868.438
-413.478
14.412
371.530
258.004
451.722
95.660
-688.872
-1048.394
-834.392
-418.876
20.151
-257.057
-651.353
-737.854
-779.998
-700.026
-470.697
877.744
1048.188
801.834
158.139
-117.026
-488.953
-75.937
7.031
13.251
196.893
198.717
275.756
98.606
104.121
52.285
-332.152
-407.259
-381.965
264.573
373.139
342.965
258.793
-281.187
-771.119
-564.891
188.651
515.529
482.897
542.663
508.917
212.317
268.463
184.400
-208.427
-374.491
-463.343
-106.456
385.775
627.349
167.111
-121.218
-351.596
-248.135
671.234
943.819
1066.588
997.289
816.019
271.360
-593.609
-534.912
-446.537
-274.208
-91.023
51.632
-117.918
-384.376
-562.652
-611.347
-476.508
-446.690
-406.368
-277.440
-291.942
-156.998
-68.082
-199.775
-12.980
32.429
365.132
778.777
808.013
728.184
103.739
-419.595
-443.518
-174.065
215.691
498.034
329.684
-58.764
-345.014
-581.478
-482.845
-489.077
-181.734
20.426
240.666
357.401
243.209
243.169
32.174
368.916
623.693
646.231
565.446
243.684
242.521
48.675
101.200
164.338
296.237
371.193
663.528
767.426
681.689
148.187
-175.437
-370.364
-205.316
91.879
65.312
38.640
22.045
-160.499
-195.660
-163.722
-263.690
-214.148
-53.837
88.779
207.072
264.687
376.482
230.770
316.072
339.730
461.767
681.337
608.759
232.124
-197.162
-368.552
-679.637
-776.600
-475.702
-133.613
-167.101
-304.028
-484.361
-707.367
-650.170
-572.910
-667.771
-401.155
91.721
407.316
575.592
653.175
254.640
17.450
35.154
539.186
717.047
726.562
655.453
475.670
595.438
587.996
672.342
390.587
-98.916
-144.988
-70.345
-46.914
-184.695
-369.556
-211.612
-357.299
-171.721
-51.903
-23.145
168.987
292.535
-204.998
-497.345
-98.162
87.446
272.419
31.433
-261.330
-500.251
-402.001
-477.488
-398.823
-11.935
410.280
147.776
-53.187
-231.290
-461.387
-148.795
-57.291
-163.539
220.532
268.547
-29.775
-307.891
-273.417
-188.026
-237.767
-133.308
-42.018
-21.713
23.397
208.587
-47.264
-423.387
-346.250
-382.733
-364.348
-220.227
35.041
66.659
109.601
341.130
603.892
523.438
193.632
-61.072
-456.269
-257.058
-335.847
-545.999
-352.360
-18.629
-278.896
-210.481
-404.187
-725.403
-850.297
-1122.282
-1147.171
-1040.638
-825.577
-713.588
-996.023
-487.568
370.598
483.189
292.950
97.645
-105.737
-461.334
-399.086
-367.100
-651.271
-799.180
114.001
722.719
189.186
-448.971
-477.305
-208.056
-8.943
596.640
852.707
799.114
865.402
1168.665
1058.847
1078.484
949.079
267.930
-501.730
-782.547
-1001.312
-710.535
-239.978
-157.477
-733.603
-815.935
-385.244
440.017
1217.040
1620.547
1764.877
1552.504
1356.876
1424.653
1129.490
543.466
115.357
412.515
802.730
1015.234
675.741
-415.255
-887.690
-616.232
-284.219
-387.752
-372.221
-620.205
-548.197
-105.677
13.402
-265.550
-518.646
-795.456
-974.774
-1044.143
-1050.228
-1071.411
-1221.388
-1075.796
-315.506
-527.321
-618.246
-654.427
-795.971
-651.968
-330.061
-168.408
-136.643
-193.536
-598.938
-697.464
-523.001
-214.443
-62.010
342.187
657.784
894.191
989.426
1144.118
684.201
403.951
436.685
739.636
1207.106
1365.766
1341.468
1239.378
985.605
919.641
674.512
687.247
595.186
454.560
405.096
356.483
-12.223
-173.329
-194.095
41.479
207.978
232.230
96.342
92.429
-36.525
-176.489
-159.864
-353.443
-518.502
-714.508
-776.551
-762.031
-741.436
-833.925
-887.707
-1028.755
-986.078
-790.278
-826.872
-624.513
-856.057
-1035.302
-1045.563
-947.802
-710.599
-370.004
-29.875
139.213
-8.349
117.564
-17.121
-245.888
-235.631
-71.797
166.952
459.853
517.210
508.009
478.445
844.612
1316.527
1626.934
1731.781
1395.599
216.600
-455.462
-367.451
-269.143
87.998
557.143
541.836
222.771
18.377
-148.931
-242.179
-106.050
129.827
305.763
-26.957
-167.102
-194.439
112.647
709.127
689.098
78.615
-221.390
-68.415
224.539
480.139
571.903
216.462
-234.621
-556.236
-584.429
-583.575
-762.422
-1097.485
-608.661
-269.858
-164.657
-311.932
-605.760
-811.644
142.568
969.434
1336.968
1240.083
657.951
610.531
808.709
1096.131
663.792
42.457
-122.694
-299.367
-618.148
-1015.596
-1336.850
-805.516
550.842
397.606
380.918
568.486
895.971
1252.217
1487.885
1537.086
1291.469
1022.647
867.806
661.075
471.271
336.289
257.935
219.276
235.717
111.159
-127.641
-214.804
137.603
547.208
375.135
-11.972
-257.915
-421.617
-427.717
-303.830
18.093
8.840
-151.630
-198.204
-355.784
-366.385
24.484
320.872
365.796
131.608
19.612
97.753
69.427
-61.929
-208.935
-494.086
-721.750
-804.621
-620.915
-193.262
129.242
139.162
89.341
-226.367
-486.199
-501.895
-498.165
-254.172
-94.507
-166.417
-237.309
-106.537
-94.910
-483.248
-756.517
-844.463
-724.684
-572.421
-420.616
-363.687
-497.635
-355.559
-81.980
58.357
129.066
143.844
12.125
-213.575
-250.951
-295.619
-326.163
-278.510
-247.732
-245.928
-23.732
167.084
365.183
487.701
413.847
292.478
161.247
156.851
313.367
354.822
423.915
404.307
351.162
65.103
53.825
-266.003
-546.685
-521.227
-342.544
-195.953
-235.920
-464.042
-512.106
-82.626
-32.128
200.528
203.629
-61.205
-212.073
-124.098
50.252
93.648
76.867
-227.697
-349.904
-285.803
-215.369
-103.442
-104.017
-196.848
-196.340
-155.871
-61.020
106.557
175.257
165.092
130.990
69.751
7.303
247.688
398.901
423.635
519.142
502.611
398.706
218.348
245.816
220.054
49.304
-16.238
45.643
126.570
98.624
175.028
188.987
258.735
397.676
363.513
-67.320
-381.092
-432.424
-374.090
-220.859
-126.919
117.956
326.674
361.265
324.419
282.119
239.133
182.904
27.727
-145.476
-249.108
-229.679
-250.195
-219.410
-129.650
-104.079
-31.312
-152.380
-247.682
-189.476
-162.666
-78.537
72.665
-184.047
-329.167
-355.037
-402.377
-268.252
0.650
260.410
281.268
51.638
-84.661
-61.019
50.806
140.451
146.221
-36.022
-383.766
-462.326
-366.681
-107.889
7.188
-62.541
-194.094
-368.904
-374.036
-226.708
-82.131
-46.301
-132.788
-314.128
-366.336
-288.472
-94.593
189.763
243.631
193.051
185.849
169.269
128.211
157.834
50.882
-109.508
-261.951
-262.439
-156.161
-129.318
-150.979
-164.433
-123.005
-29.030
-10.390
-29.551
14.321
78.316
257.172
250.741
228.078
137.754
-26.198
-188.339
-260.922
-241.999
-127.722
-4.508
76.205
122.198
105.154
86.369
3.179
-78.399
-196.909
-302.383
-291.903
-135.389
137.436
299.546
334.946
376.211
414.340
401.471
369.810
263.906
167.364
122.291
149.533
68.540
-28.794
-31.495
-30.697
-10.286
11.170
27.383
39.636
-16.699
-33.122
-28.735
-25.759
1.033
17.109
15.116
29.395
118.381
248.310
277.164
163.204
90.048
25.224
52.227
109.609
174.590
157.396
84.534
106.250
114.498
96.856
117.351
125.186
106.028
47.316
20.296
14.236
-14.504
-63.132
-59.896
-61.594
-131.544
-140.939
-25.034
103.108
145.210
153.112
106.234
69.992
125.381
181.293
114.928
-0.548
11.509
91.209
154.244
162.935
129.402
119.886
132.801
124.314
120.343
126.363
148.856
150.170
69.549
-6.796
-62.388
-116.120
-150.409
-184.739
-238.440
-296.963
-298.965
-197.678
-28.854
59.071
4.131
-84.018
-169.323
-202.448
-187.721
-189.633
-199.865
-217.870
-214.007
-186.982
-135.930
8.218
146.132
150.585
48.635
-57.135
-81.774
-49.211
-52.385
-128.074
-189.297
-267.937
-257.280
-196.557
-156.256
-141.440
-89.326
-20.561
72.538
121.244
119.560
126.664
143.794
170.748
203.352
225.063
189.443
94.288
51.196
5.205
-8.647
-0.297
-69.458
-141.543
-188.037
-180.804
-139.019
-105.409
-131.174
-156.470
-209.903
-181.621
-154.268
-181.779
-194.468
-190.161
-225.383
-268.750
-273.686
-262.680
-232.811
-173.814
-124.932
-133.599
-112.182
-40.384
-31.886
-21.307
-39.301
-99.788
-133.826
-132.530
-68.666
14.697
77.865
64.871
76.476
43.511
9.597
17.741
88.427
141.976
121.953
42.047
-7.907
18.491
128.395
261.087
339.385
391.766
361.733
343.392
319.212
275.570
225.604
175.896
161.320
139.010
83.669
45.007
4.930
-40.184
-83.049
-106.667
-103.183
-95.240
-59.247
-91.049
-114.956
-121.535
-114.432
-79.769
-32.381
55.102
139.795
175.238
183.045
191.562
239.283
259.278
247.280
204.567
193.119
217.381
235.602
221.698
226.092
235.468
234.109
246.014
225.763
195.332
161.448
141.027
126.179
91.103
45.810
11.529
-1.204
0.589
-2.695
-18.190
-33.069
-59.171
-67.577
-50.866
-12.882
37.231
39.668
33.144
4.443
68.423
92.581
119.558
125.461
142.888
175.775
195.364
224.862
231.165
224.286
189.270
164.279
130.899
114.732
106.414
124.281
113.496
139.368
190.413
198.408
205.753
214.305
179.467
121.868
48.355
17.638
-10.040
-24.743
-61.555
-137.151
-213.299
-296.541
-322.525
-357.550
-375.641
-374.851
-381.295
-347.241
-315.547
-284.781
-233.402
-214.026
-164.176
-107.725
-43.157
44.789
129.330
174.115
211.061
185.494
177.665
140.796
91.911
39.680
15.454
10.460
-11.447
-4.757
40.909
56.537
112.530
159.641
179.769
171.021
131.665
111.009
87.596
38.545
-15.664
-86.694
-108.545
-90.804
-113.911
-157.132
-231.986
-246.607
-266.891
-291.923
-288.945
-282.093
-228.605
-194.511
-179.451
-200.874
-255.948
-273.597
-288.513
-297.141
-272.716
-243.866
-237.068
-220.345
-185.590
-169.824
-140.664
-112.554
-96.928
-77.192
-60.352
-68.874
-35.989
-16.362
-3.733
-1.219
31.388
38.042
16.873
-5.145
-14.906
-37.974
-36.809
-49.442
-37.703
-20.155
-1.502
-3.976
-25.087
-39.434
-44.617
-74.978
-74.691
-76.247
-77.506
-85.375
-99.567
-141.567
-160.473
-142.240
-108.278
-93.281
-71.244
-67.229
-82.103
-82.709
-68.872
-53.367
-35.602
-25.949
-16.101
-16.965
-15.721
-11.668
-72.012
-118.502
-166.755
-200.692
-199.440
-170.654
-143.606
-106.328
-37.755
-20.436
7.300
21.010
21.100
16.303
-16.032
-9.821
-21.296
-14.906
1.862
31.035
23.954
38.378
38.095
46.595
68.326
70.975
82.157
75.535
94.073
126.566
150.389
179.199
175.521
202.593
204.535
211.527
206.267
169.830
169.304
140.736
146.351
144.456
157.489
150.482
140.775
150.281
148.133
140.861
133.823
100.510
57.015
21.616
10.757
8.320
5.526
28.304
