-11.896
-24.350
-25.285
-26.377
-26.184
-23.861
-21.442
-13.953
-13.440
-12.677
-11.334
-10.420
-8.652
-8.293
-7.987
-17.397
-16.077
-12.056
-8.726
-11.999
-8.344
-23.281
-12.540
-6.379
-15.905
-10.604
-18.431
-17.299
-8.695
-19.387
-21.943
-6.545
-4.552
-1.713
-3.465
3.006
-0.325
-15.992
17.505
8.104
-2.858
12.794
-4.027
-19.705
5.387
-0.371
-6.450
-21.291
-7.060
25.701
-4.185
20.070
-19.044
-19.963
7.117
47.432
8.151
-9.457
-18.313
-25.762
9.828
73.245
-13.199
9.480
31.915
-55.142
-7.247
49.113
3.268
13.561
32.460
0.853
-44.444
14.582
6.869
-1.476
37.837
18.447
-29.992
-7.310
16.676
5.454
36.890
37.415
-34.320
32.796
18.575
-53.426
-16.160
-33.389
82.347
100.052
52.648
-98.381
-122.883
-56.438
148.810
42.925
101.515
-47.990
-69.644
-55.824
69.278
31.428
54.576
19.748
-7.946
-142.057
13.525
46.120
78.618
29.303
1.586
-42.523
-13.383
2.015
3.742
38.323
88.798
-75.004
37.056
17.309
45.015
-39.634
-81.398
-6.853
-87.053
106.744
49.323
21.770
-61.576
-66.702
94.770
-84.067
71.969
67.327
-93.061
-106.751
-11.475
38.708
52.402
35.004
-17.360
40.324
-49.699
61.955
1.359
106.721
-16.529
22.552
-138.287
138.289
74.888
130.150
46.824
-60.595
-103.296
143.338
91.659
183.633
49.892
-37.938
12.510
80.564
51.704
121.698
82.763
27.110
-20.651
180.228
194.709
232.315
65.091
-8.483
-18.545
49.271
216.827
275.853
297.977
142.168
56.960
143.499
102.810
272.558
312.799
227.242
53.289
38.028
87.597
133.795
31.777
-10.360
61.331
1.993
-154.505
-307.947
-711.946
-655.097
-793.502
-724.158
-679.963
-728.818
-629.543
-610.722
-703.374
-637.045
-220.153
455.038
480.199
595.117
588.094
471.490
522.407
546.984
386.730
-58.845
-177.503
-382.740
-247.700
20.533
235.763
250.520
5.039
-118.409
187.308
57.767
-185.632
-487.353
-778.804
-315.192
745.631
802.985
281.154
373.643
138.668
366.616
507.396
347.630
-24.727
20.705
-49.169
-26.608
372.244
380.281
-72.851
-359.839
-430.771
-87.563
511.615
-19.477
-151.765
-178.953
-116.831
-130.664
49.160
-129.602
-285.804
-162.003
-177.535
-270.260
-56.666
227.705
-130.702
-417.033
-317.036
-96.135
83.679
15.734
172.594
282.729
261.932
474.422
551.265
144.535
-389.345
-488.502
123.451
545.688
735.633
574.820
346.382
-140.092
219.108
608.174
391.696
341.308
213.559
116.784
292.949
334.725
255.942
158.096
-163.081
-388.204
-308.737
-483.663
-495.232
-188.752
-81.458
-258.889
-346.889
-838.891
-1312.343
-1302.729
-1272.602
-1196.065
-1023.743
-411.299
-309.567
-286.120
-430.900
-551.248
-198.247
11.966
-88.160
-163.427
-391.546
-581.422
-554.024
-79.184
-56.141
-215.763
-157.317
258.370
634.393
980.251
942.442
176.730
597.079
475.932
159.592
-606.315
-667.460
-658.497
108.820
720.678
186.160
-310.913
-766.376
-16.618
418.489
243.244
-36.855
173.450
63.396
-137.074
-9.961
-309.239
-29.813
89.777
160.592
352.876
58.453
-449.675
-122.233
101.846
-91.474
385.106
530.128
191.062
709.658
708.947
396.670
-697.145
-607.717
119.174
81.103
268.017
663.012
786.929
844.810
1002.324
402.920
-738.385
-77.252
513.163
635.743
427.158
49.992
-663.656
-712.287
589.785
-49.786
-342.595
-373.993
-933.723
-788.100
-579.232
475.936
403.959
-13.169
-32.997
-196.110
-123.191
575.307
694.489
518.141
7.600
-325.008
-674.861
-712.962
-261.129
389.981
81.418
-130.285
204.256
503.826
800.166
964.341
998.714
545.813
-508.309
-412.284
83.731
-34.255
-33.097
-239.611
-298.894
-235.760
-237.441
-269.566
-423.765
-179.177
-4.224
-60.039
-195.049
-207.124
226.725
175.764
213.741
-39.048
-125.123
-291.702
-530.308
-414.681
-292.379
37.175
513.124
174.548
-517.690
-570.744
-283.429
-38.647
-218.639
-154.859
-110.651
318.619
624.872
693.496
619.512
322.906
-140.561
-260.620
-61.721
253.827
387.991
139.324
-477.269
-456.748
-107.097
-164.781
-155.805
265.837
20.499
-14.377
114.779
-335.521
-273.670
-77.030
205.517
67.757
344.101
263.689
175.406
484.240
503.115
252.548
6.271
133.123
545.682
734.568
594.163
163.363
-2.483
72.702
235.915
344.363
152.104
363.358
409.650
602.764
760.493
549.656
119.438
-305.846
-560.351
-835.927
-732.740
2.755
253.857
76.010
-159.464
-294.150
-383.862
-222.902
111.983
318.409
62.086
-205.209
-128.123
-162.214
-125.215
-379.009
-561.051
-515.373
-225.070
166.854
418.418
410.634
352.053
457.132
545.929
374.474
-8.115
-524.657
-552.133
-637.364
-561.338
-297.926
-4.186
-387.114
-174.023
250.933
391.931
522.201
745.667
571.588
216.447
273.412
99.392
-45.825
-54.453
-177.448
-130.126
-377.017
-579.604
-647.473
-617.375
-214.019
306.825
3.669
-205.552
-184.725
-16.870
160.573
369.940
562.581
507.517
44.414
162.094
234.475
160.786
-33.892
-282.357
-487.157
-412.787
-343.427
7.846
35.821
86.031
53.790
-242.062
-464.187
-418.289
-361.122
-316.329
-340.198
-287.033
65.512
393.571
397.788
184.878
-175.941
-454.894
-500.204
-602.795
-506.199
-174.432
65.441
8.009
-158.912
-211.815
312.344
551.013
387.733
355.659
1.535
150.865
364.869
544.043
436.652
612.486
650.034
672.789
876.078
699.425
490.531
494.511
598.869
1025.059
816.477
366.129
31.657
-316.628
-775.451
-1233.854
-1406.995
-1410.597
-1507.550
-1283.707
-677.159
-512.483
-106.408
142.439
518.532
161.046
-226.146
-607.287
-197.351
-105.312
-421.359
-685.128
-972.646
-1228.937
-1042.163
-679.827
-1003.343
-343.050
100.515
75.515
116.184
471.235
1114.611
1453.041
1859.161
1822.309
1177.921
341.597
36.629
-81.478
-101.007
-109.167
-551.584
-1089.051
-1360.686
-1076.755
95.022
319.960
-15.331
-464.986
-435.368
-259.374
-253.184
-306.580
-328.560
549.070
515.408
-101.387
149.581
100.236
-114.749
281.423
234.733
-23.928
-14.578
61.583
-37.633
125.935
283.383
532.095
338.833
470.572
606.222
829.433
915.457
680.709
647.923
720.822
815.987
546.499
52.330
164.952
177.129
356.670
425.535
293.957
-138.813
-722.862
-1079.894
-1190.610
-775.631
-490.606
-69.132
-54.394
-358.278
-615.304
-843.187
-909.337
-511.298
-238.231
-318.454
-428.282
61.084
273.726
361.240
24.096
-169.822
-276.104
26.347
517.364
588.577
573.422
563.973
740.530
807.629
573.883
331.399
324.826
571.934
794.023
676.240
681.233
559.152
-30.817
-307.344
194.275
638.992
570.171
402.842
251.934
251.928
457.543
477.680
-20.305
-256.253
134.279
490.130
359.018
-12.945
-264.694
-92.312
-208.582
-324.284
-364.625
-470.515
-276.997
-64.753
-62.566
-288.277
-512.689
-554.114
-431.497
-501.989
-798.210
-792.436
-788.357
-563.078
-334.638
-230.552
-312.476
-592.230
-790.979
-963.726
-1221.939
-985.220
302.365
572.777
627.660
749.507
786.084
282.162
91.754
107.129
250.234
392.131
643.281
158.938
148.650
147.911
469.720
555.212
318.084
-153.282
-287.897
-236.952
-25.308
678.829
958.525
1054.631
1236.317
1310.695
983.971
822.510
-309.786
-472.839
-517.110
-693.310
-832.081
-984.502
-1056.555
-1006.626
-487.183
340.873
294.174
397.138
174.706
-349.501
-872.176
-479.018
206.742
805.082
1104.569
945.612
416.179
145.597
364.919
649.601
204.606
-523.859
-1209.902
-1531.582
-1570.781
-1378.487
-1016.646
-1025.318
-1295.073
-1514.561
-1499.249
-661.531
201.837
239.012
155.979
-143.375
-827.254
-1022.103
-453.722
172.145
380.408
200.346
175.813
76.373
-57.860
-251.360
215.900
356.081
412.848
357.745
381.780
425.970
379.761
306.679
323.535
39.903
-408.455
-744.560
-819.723
-503.831
-446.231
-503.160
-512.713
-504.789
-578.225
-476.028
-185.733
-277.212
-261.391
97.636
552.510
704.672
376.314
84.620
76.301
306.052
512.632
690.489
783.301
685.664
604.803
717.399
862.105
909.146
810.142
403.850
190.871
-0.009
-204.107
-305.884
-322.888
-365.371
-273.096
-122.487
-31.896
165.203
54.871
36.329
58.137
165.072
165.872
313.063
300.867
115.528
57.741
175.376
243.094
201.079
-104.632
-247.884
-157.029
192.172
512.515
176.877
-260.066
-56.788
303.883
415.821
516.714
374.151
-70.731
-140.251
224.990
448.858
584.106
545.385
235.456
-433.853
-672.119
-607.219
-458.874
-333.522
-389.420
-482.722
-531.187
-358.445
-170.943
-84.191
-158.945
-336.747
-153.652
138.229
59.551
69.548
36.960
-42.560
-239.435
-318.444
-224.284
-117.451
110.058
482.746
537.433
534.677
431.003
380.500
263.609
176.058
244.888
267.070
171.763
-151.159
-203.345
-89.116
-264.739
-393.013
-138.974
-14.123
9.564
-115.625
-207.255
-294.653
-358.852
-425.545
-366.803
-283.058
-381.313
-401.050
-417.655
-372.601
-269.518
-384.855
-384.274
-117.645
-32.462
-33.856
-52.543
-39.930
201.290
329.172
405.067
428.248
248.748
183.336
202.568
45.668
-252.555
-301.967
-210.403
-108.667
-189.860
-375.324
-454.711
-328.306
47.710
108.206
38.664
-146.400
-426.400
-380.528
-310.974
-256.187
-74.335
83.672
332.173
480.794
521.731
445.890
448.773
519.095
531.003
439.305
354.011
445.200
593.272
659.464
579.597
425.961
114.244
-124.394
-29.195
81.012
1.324
-20.438
63.036
180.747
308.758
382.622
386.236
370.388
379.726
389.579
282.710
232.584
215.995
251.555
387.467
452.220
452.983
482.757
475.227
418.546
359.606
337.062
349.337
390.337
415.860
336.964
225.985
148.707
66.817
-11.682
25.141
77.910
30.049
-61.731
-131.413
-106.386
-29.117
92.834
198.231
249.918
330.312
346.945
359.077
382.133
415.295
371.214
394.281
404.512
385.760
348.079
241.865
11.951
-246.637
-412.914
-459.083
-464.544
-463.830
-411.126
-326.568
-232.017
-115.436
-131.344
-235.053
-334.191
-327.060
-246.528
-204.488
-241.911
-292.967
-438.929
-507.778
-460.453
-400.570
-324.075
-199.764
-68.109
106.743
167.560
152.192
81.566
-54.216
-147.646
-187.748
-293.628
-401.238
-452.016
-501.367
-524.417
-509.315
-440.857
-248.988
-56.613
41.408
76.032
15.812
-20.272
-50.112
-7.920
-28.266
-37.558
-48.301
-28.752
94.387
172.626
176.669
198.975
221.203
261.104
249.230
215.435
217.457
221.155
229.902
246.234
202.788
122.836
47.562
-35.763
-42.217
-63.280
-37.077
-26.046
-85.162
-172.080
-167.276
-141.439
-189.949
-173.799
-83.169
-70.739
-110.383
-179.280
-213.185
-198.144
-190.582
-192.148
-271.708
-322.150
-345.904
-330.492
-327.061
-329.064
-286.898
-205.453
-66.950
10.369
27.803
38.820
0.457
-87.896
-159.743
-210.972
-272.754
-289.602
-266.094
-256.122
-254.625
-161.642
-49.195
37.910
93.979
95.274
91.918
88.904
102.455
144.085
151.622
137.128
146.180
76.825
-45.811
-104.571
-174.438
-209.570
-180.119
-81.769
-24.445
-26.849
-26.681
-59.572
-122.579
-168.341
-248.491
-315.749
-333.322
-291.164
-227.094
-178.768
-129.284
-54.220
63.133
134.321
103.579
8.205
-46.315
-27.235
39.124
110.561
132.207
135.748
47.834
33.048
73.709
80.393
62.174
-10.178
-98.334
-145.086
-156.142
-151.503
-162.896
-220.209
-319.317
-381.647
-384.775
-353.458
-293.309
-244.192
-185.333
-181.702
-154.645
-83.161
-11.839
52.763
101.843
131.989
117.765
132.617
128.803
130.338
142.457
136.935
103.213
72.851
-15.084
-44.714
-60.262
-94.037
-77.728
-73.645
-64.574
-55.373
-54.139
-53.933
-60.715
-92.779
-97.184
-98.514
-67.375
-36.248
-33.844
-52.810
-46.387
8.283
105.055
154.193
176.994
189.125
174.544
172.736
194.120
173.693
158.618
126.637
118.853
72.204
14.741
-4.279
34.673
69.213
54.672
37.421
18.211
12.693
38.397
83.695
95.548
90.882
82.641
80.872
78.122
100.636
109.608
120.348
98.887
110.413
95.587
78.371
96.083
78.864
63.773
87.076
139.658
214.043
288.761
348.821
360.300
353.648
353.885
358.290
346.449
319.596
277.377
237.119
225.046
243.209
255.110
261.081
258.868
191.334
141.735
113.589
41.077
-58.765
-150.554
-236.682
-262.293
-282.947
-267.943
-276.098
-261.960
-190.338
-122.515
-47.171
3.280
76.568
139.333
163.609
193.195
218.792
208.472
198.893
213.254
225.974
236.075
224.853
161.629
109.584
95.908
90.791
91.703
91.677
76.547
76.888
56.789
26.668
13.835
-16.415
-14.918
-23.893
-21.563
-14.895
3.391
42.562
48.206
16.326
-13.760
-2.061
-20.583
-18.526
-22.422
-38.040
-40.438
-45.057
-63.783
-95.950
-134.351
-139.614
-138.754
-154.511
-189.362
-224.405
-241.270
-246.208
-252.849
-235.056
-254.819
-271.213
-276.552
-240.107
-211.638
-181.865
-154.435
-159.032
-161.566
-153.848
-134.263
-129.715
-120.214
-109.711
-111.237
-118.593
-84.460
-15.622
43.333
110.626
157.146
199.424
205.666
230.602
244.519
281.023
277.550
252.110
206.346
153.807
119.133
73.219
64.951
93.956
120.248
132.836
157.729
146.496
148.392
159.335
159.987
157.720
149.374
144.031
141.008
134.583
138.556
145.083
131.763
128.235
111.921
97.782
85.318
32.542
-22.536
-52.795
-85.499
-114.714
-135.792
-136.651
-151.904
-131.858
-121.673
-127.906
-99.216
-42.634
6.285
68.955
93.715
112.141
138.207
181.885
214.842
232.837
241.808
254.183
239.662
238.033
224.997
201.968
207.046
210.419
230.345
247.924
267.819
281.447
280.609
248.499
170.830
94.600
