9.455
9.395
9.366
9.321
9.263
9.263
9.204
9.174
9.513
9.455
9.734
9.425
8.143
5.581
6.376
8.203
8.585
13.297
14.049
11.619
16.303
16.965
8.011
4.271
13.431
11.590
17.067
17.466
14.785
25.609
24.283
21.323
10.588
2.165
-5.596
-3.740
1.694
-5.271
-1.752
13.284
12.959
7.746
8.247
-5.891
-9.602
-6.215
-13.607
-12.532
-23.915
-17.524
-32.428
-27.789
-11.885
-26.891
-7.894
16.537
-17.524
-27.111
-12.753
-24.844
5.096
-4.050
5.537
25.373
10.220
52.042
33.606
31.631
-4.492
-45.961
7.569
5.316
28.510
-12.444
-72.100
-34.798
-45.946
-44.164
4.550
-15.153
-19.261
-35.196
-32.147
39.746
-27.965
-29.732
-83.778
-77.107
-65.047
-63.838
12.901
27.612
33.576
92.879
127.029
72.027
47.787
33.532
21.899
0.030
-87.032
-63.869
-18.438
10.854
15.625
16.671
-42.353
-36.079
-73.469
-120.372
-156.172
-240.097
-120.372
2.400
0.442
42.206
86.207
102.686
59.332
-56.490
-48.051
-15.153
-77.283
28.259
55.488
40.954
118.135
168.469
118.988
39.276
56.358
75.369
40.880
92.009
58.258
5.154
43.104
74.471
160.855
191.914
64.280
48.081
-41.926
-30.689
-82.879
-2.165
66.710
116.117
90.434
29.600
-64.412
-68.904
-89.109
-97.826
-47.728
37.227
30.719
11.885
-44.724
-19.233
-45.534
-55.224
23.724
105.631
128.325
55.414
26.109
41.764
46.962
-3.240
-6.642
-39.908
-16.847
-74.942
-87.784
-29.511
17.966
40.424
11.456
7.142
58.758
59.921
25.875
-47.640
-168.321
-132.727
-64.486
30.882
11.060
-13.312
-25.344
-90.773
-34.901
75.030
143.891
130.107
8.130
-90.242
-57.978
12.532
9.425
-30.204
-155.332
-185.051
-243.764
-346.215
-374.578
-329.397
-266.840
-244.177
-152.313
-66.017
68.594
135.982
115.513
188.246
311.903
343.005
252.084
63.971
-160.958
-278.901
-296.778
-250.141
-80.302
-76.371
-121.756
-160.339
-181.177
-61.335
62.719
157.483
243.469
175.243
73.367
-61.409
-243.720
-327.734
-369.041
-238.007
87.827
303.966
487.234
489.987
321.769
109.460
54.546
108.606
224.532
283.128
282.494
286.604
160.605
52.529
20.955
-47.772
-47.728
-64.826
-91.641
-105.572
-59.672
-14.373
18.276
-72.483
-265.205
-322.800
-361.059
-387.787
-366.890
-310.681
-174.374
-148.088
-167.717
-148.926
-150.944
-33.487
157.026
310.916
454.100
582.867
692.725
807.575
845.215
769.949
712.046
584.707
462.964
294.246
202.530
199.585
295.527
428.667
488.146
406.446
319.325
252.660
139.016
-32.368
-178.232
-230.304
-385.859
-569.215
-738.052
-870.575
-835.407
-764.751
-506.922
-323.507
-196.213
-62.645
-41.470
-97.458
-165.701
-217.890
-236.461
-346.657
-465.836
-448.342
-221.542
-70.730
-59.966
-177.761
-392.293
-574.546
-566.343
-610.994
-645.217
-684.346
-777.858
-822.110
-869.852
-836.984
-739.524
-605.883
-519.234
-491.726
-347.570
-86.075
304.098
610.080
818.370
1032.313
1115.192
1026.968
980.182
938.476
691.356
394.708
175.213
-65.591
-152.285
-248.212
-273.894
-233.838
-220.732
-305.571
-416.710
-466.956
-435.662
-470.093
-567.625
-573.162
-571.865
-552.340
-411.011
-205.609
61.718
441.568
706.905
929.627
1084.149
1121.981
1099.406
1002.183
920.378
693.991
303.981
-3.933
-155.024
0.914
142.315
197.848
262.864
282.892
163.594
140.666
293.746
491.107
498.147
324.994
67.403
-106.367
-32.604
231.025
328.013
352.002
340.723
350.942
315.320
320.518
306.719
247.755
170.972
41.498
-2.577
-156.909
-294.584
-391.204
-394.429
-407.654
-483.390
-571.557
-754.692
-866.318
-933.220
-992.699
-874.624
-520.353
-86.649
107.634
95.691
-41.071
-342.651
-690.869
-880.175
-915.328
-795.986
-544.976
-151.637
320.782
668.779
961.244
1148.724
1147.516
887.097
539.114
338.057
321.195
277.281
-50.836
-443.998
-711.839
-691.590
-354.271
6.965
350.574
615.648
804.674
766.430
585.266
240.069
50.290
11.604
126.337
342.269
473.833
484.112
524.079
671.783
941.261
1144.512
1178.250
1159.843
1103.043
842.506
405.164
-57.344
-335.008
-444.424
-451.729
-415.753
-422.454
-458.120
-480.445
-426.930
-264.661
20.528
317.542
523.181
608.343
534.800
415.517
171.561
-3.872
-92.776
-223.383
-148.426
244.398
598.580
784.764
700.426
429.743
165.185
-117.486
-467.280
-905.918
-1338.811
-1616.977
-1682.699
-1553.814
-1254.342
-895.491
-503.713
-308.559
-347.761
-503.669
-585.002
-507.351
-323.727
-123.450
40.512
38.598
-145.024
-298.591
-338.882
-229.862
-112.613
-103.762
-272.259
-423.145
-498.175
-435.251
-352.091
-366.111
-358.128
-476.145
-729.423
-857.217
-804.983
-471.757
-169.530
24.961
30.925
-11.339
-38.789
-97.635
-203.193
-303.479
-180.544
50.541
254.072
271.200
261.407
216.078
107.251
34.342
105.603
289.666
492.183
776.045
948.919
1107.962
1193.919
1208.351
1162.567
1045.772
1019.339
1086.122
1104.515
1087.346
967.782
704.270
436.561
170.574
40.320
55.901
89.198
116.764
148.824
168.425
262.570
370.057
484.023
552.678
572.131
499.795
325.187
148.456
-22.001
-275.249
-505.627
-718.378
-853.168
-892.383
-784.734
-494.656
-51.601
345.405
481.314
322.757
85.560
-58.935
-195.241
-354.005
-421.570
-416.769
-391.970
-298.017
-251.997
-157.822
-118.547
-39.997
33.149
1.237
-118.826
-204.695
-151.018
-66.253
-44.945
-57.757
-100.890
-69.625
-39.216
-55.916
-72.969
-32.677
34.813
36.742
-5.743
-180.722
-275.382
-261.435
-264.941
-313.096
-381.381
-550.954
-684.522
-803.408
-825.482
-783.424
-686.392
-480.254
-200.542
32.530
187.054
312.934
354.992
302.301
180.795
29.262
-28.628
-43.648
-64.722
-66.578
33.723
167.615
208.849
188.614
192.635
256.060
299.990
317.278
298.001
225.650
204.886
197.833
110.417
24.313
-9.867
23.150
71.894
30.306
-53.471
-126.248
-149.545
-192.267
-207.376
-112.700
53.560
101.523
55.371
31.662
54.635
102.554
174.727
109.092
81.363
14.815
-40.762
-8.188
-102.642
-170.899
-162.931
-140.238
-67.195
-42.957
-0.972
1.016
-53.073
-76.282
-91.509
-83.351
-75.074
-78.829
-88.756
-128.222
-269.064
-334.036
-436.812
-473.760
-395.843
-307.559
-189.778
-69.051
18.172
-48.597
-208.024
-375.698
-477.764
-481.844
-504.185
-493.582
-498.132
-536.582
-548.422
-547.892
-533.313
-538.320
-537.893
-501.902
-379.232
-260.833
-188.497
-196.184
-230.231
-304.951
-344.050
-324.288
-279.769
-171.252
7.849
249.964
467.250
601.378
729.040
772.011
744.310
652.139
605.883
583.486
584.309
572.896
592.261
593.749
573.104
536.641
503.949
480.636
405.164
321.607
307.602
390.600
454.055
481.166
455.601
397.551
379.246
326.187
295.704
330.016
390.409
453.687
451.287
415.988
343.506
216.476
148.824
151.711
179.396
189.484
225.577
247.991
257.489
228.435
237.579
230.644
217.375
197.038
140.842
92.407
30.940
34.533
19.365
43.767
22.899
-60.289
-132.080
-191.325
-199.290
-164.831
-161.710
-170.279
-138.501
-78.756
-12.253
55.577
143.390
197.465
161.532
155.111
129.827
110.668
50.570
-8.217
3.976
-22.841
-88.343
-131.138
-141.387
-132.625
-119.047
-92.732
-35.049
11.885
-20.086
-142.639
-255.118
-335.523
-399.730
-446.280
-475.939
-494.392
-484.701
-514.021
-494.141
-485.128
-415.885
-302.272
-186.935
-57.550
22.178
153.816
220.762
246.061
272.038
274.910
197.715
84.470
-35.181
-112.641
-123.274
-68.035
8.130
90.008
108.990
17.494
-143.655
-311.873
-482.713
-520.678
-544.269
-508.602
-468.252
-418.698
-338.352
-267.252
-133.303
-48.259
7.790
101.949
211.454
349.793
351.973
205.447
3.667
-185.094
-311.771
-361.074
-315.747
-209.997
-120.093
-68.094
-87.474
-162.357
-179.676
-230.231
-256.473
-228.847
-166.953
-93.232
-102.304
-90.582
-133.877
-177.114
-199.084
-197.302
-192.973
-160.547
-156.202
-130.475
-113.893
-125.130
-178.232
-278.150
-376.714
-428.830
-402.013
-329.265
-239.140
-48.612
95.043
192.871
271.067
305.276
347.791
276.869
218.259
144.597
130.549
154.184
143.434
64.118
9.381
25.948
65.900
116.455
178.129
196.286
189.733
138.839
122.258
127.309
143.109
131.844
170.736
178.645
212.191
272.421
331.592
367.553
345.730
361.266
330.988
279.033
280.226
339.352
400.364
446.545
466.793
436.767
404.148
366.184
352.430
398.184
463.172
536.169
615.427
661.020
623.923
508.263
313.345
166.569
126.956
109.225
66.961
-15.742
-43.104
-22.458
7.820
-5.566
-14.962
25.830
50.702
38.245
-19.012
-60.010
-73.896
-90.905
-104.439
-85.692
-55.622
-47.081
-41.277
-81.215
-103.777
-150.929
-160.473
-166.996
-192.605
-253.734
-336.968
-370.955
-403.942
-395.195
-380.865
-341.739
-304.657
-303.597
-359.057
-396.977
-407.446
-426.326
-463.789
-480.415
-474.864
-487.897
-481.344
-437.459
-394.076
-298.679
-253.322
-210.527
-173.653
-141.225
-70.318
-24.872
64.148
133.037
163.109
170.310
215.814
291.418
313.980
271.185
191.074
106.059
70.613
38.052
7.186
-23.887
-53.662
-29.851
42.455
126.823
209.276
222.926
186.037
104.453
-31.897
-161.783
-240.584
-215.872
-103.556
21.397
146.998
228.316
254.427
229.406
170.574
115.896
113.864
151.239
152.402
159.722
168.527
169.588
170.708
176.391
147.735
133.156
82.894
76.224
59.391
53.147
62.307
17.024
36.712
47.286
61.556
113.525
169.205
186.818
158.043
114.748
95.589
80.538
105.308
140.017
170.781
165.877
116.190
53.810
-19.645
-96.236
-57.285
-25.152
23.458
58.920
30.925
-15.831
-122.406
-191.633
-246.003
-266.929
-259.404
-259.005
-222.677
-176.746
-163.137
-165.759
-202.781
-222.677
-209.157
-168.144
-125.925
-114.306
-97.399
-57.816
-60.702
-59.347
-67.932
-39.967
19.291
71.673
130.122
173.814
216.875
258.784
270.169
271.611
257.519
219.790
151.062
75.325
14.638
-45.755
-93.629
-123.731
-125.351
-90.818
-52.705
-33.164
-2.018
13.224
20.071
-51.204
-111.316
-128.530
-103.482
-50.673
-16.110
27.670
58.611
101.980
144.480
140.946
123.789
113.319
115.896
109.564
103.394
151.960
183.312
159.250
142.624
89.226
45.489
21.221
-5.758
23.224
32.339
45.342
17.672
-54.591
-109.328
-165.199
-180.280
-193.930
-216.314
-207.950
-243.248
-283.585
-327.175
-356.185
-361.648
-326.512
-275.706
-220.732
-178.498
-122.640
-114.202
-147.116
-182.121
-200.366
-184.182
-162.299
-142.713
-160.031
-171.061
-140.017
-116.175
-105.631
-79.801
-41.838
-2.768
36.831
55.475
34.386
-15.831
-51.940
-39.629
53.486
145.554
215.240
235.974
224.355
185.846
148.558
109.328
115.779
119.387
115.116
108.342
84.853
81.319
57.168
49.392
60.878
78.638
84.204
75.678
71.747
71.540
64.633
60.657
60.923
78.329
119.077
131.594
114.144
89.551
80.215
76.871
52.072
54.502
49.671
51.204
49.966
45.990
54.015
23.768
16.508
12.738
19.482
19.129
-0.177
-33.753
-68.713
-90.051
-112.052
-122.375
-109.769
-73.675
-28.569
-1.001
6.685
-6.744
-20.955
-31.692
2.681
19.482
17.613
-0.706
-2.989
9.204
-10.897
-27.612
-29.026
-28.820
-36.285
-51.453
-62.013
-92.069
-130.564
-164.478
-179.366
-183.946
-183.446
-171.797
-141.357
-111.655
-72.438
-17.009
32.294
116.810
181.296
204.975
204.416
183.446
183.446
155.951
164.993
182.532
205.079
220.526
237.182
244.486
224.900
195.403
183.048
183.769
188.761
181.590
151.666
94.365
45.047
32.177
21.279
-17.730
-17.451
-18.938
-20.896
-33.208
-66.136
-79.212
-124.805
-114.821
-100.669
-86.811
-88.284
-115.792
-156.525
-188.600
-199.600
-190.956
-165.818
-134.657
-104.645
-73.779
-53.545
-69.081
-101.479
-129.944
-144.907
-98.166
-44.959
-8.732
6.185
-1.325
2.621
-20.411
7.142
34.592
41.264
51.631
54.340
27.612
-16.288
-59.141
-81.274
-94.116
-87.710
-66.312
-27.936
16.125
65.268
110.343
133.921
115.601
114.997
91.907
94.454
114.202
133.656
167.187
118.562
101.479
113.260
143.317
189.159
230.923
267.429
276.162
251.967
214.857
170.413
151.460
144.701
151.328
147.837
134.746
117.486
100.522
71.879
113.657
112.981
109.828
102.599
102.157
123.612
70.628
61.439
49.024
40.983
35.328
36.638
43.826
46.431
48.774
37.169
2.621
-41.190
-73.837
-75.723
-73.514
-77.239
-90.140
-118.841
-181.369
-203.916
-250.156
-279.977
-288.605
-287.737
-256.694
-273.276
-273.792
-284.542
-282.082
-275.204
-264.454
-259.419
-265.898
-272.761
-282.288
-282.539
-279.152
-270.110
-261.422
-245.193
-218.670
-182.076
-153.654
-155.657
-126.926
-115.027
-97.915
-87.504
-68.860
-13.518
-36.993
-36.285
-38.907
-44.664
-27.376
-18.512
-22.561
-37.154
-47.934
-57.182
-52.220
-54.767
-41.249
-16.169
-4.314
11.030
29.570
42.087
47.375
129.032
165.097
214.311
238.787
247.813
268.725
244.220
264.822
273.658
281.714
279.328
263.423
231.703
218.803
207.022
186.833
169.485
159.810
167.070
189.189
199.483
193.828
181.987
170.310
153.257
162.299
164.081
153.153
137.043
118.429
119.003
120.933
140.872
142.919
138.486
121.669
92.570
53.868
7.099
-28.305
-45.166
-44.458
-30.572
-9.587
13.431
25.093
23.503
19.380
1.488
-25.786
-28.437
-34.843
-47.124
-63.308
-71.334
-76.399
-81.952
-91.598
-86.326
-78.476
-76.267
-73.956
-77.696
-86.855
-99.446
-103.688
-93.806
-80.670
-82.203
-96.899
-130.932
-153.786
-179.940
-184.771
-216.167
-197.818
-215.829
-218.700
-233.442
-250.406
-230.540
-249.493
-237.697
-223.133
-205.711
-187.024
-171.871
-152.432
-116.294
-85.633
-60.584
-50.364
-53.398
-52.779
-47.964
-31.250
-9.366
3.564
15.787
-4.580
16.965
25.433
36.257
34.828
24.431
14.034
-9.381
-30.587
-28.216
-26.979
-14.535
-25.461
-38.583
-45.872
-47.919
-46.403
-39.216
-52.529
-61.924
-58.199
-53.928
-46.520
-45.151
-42.323
-59.067
-34.401
-32.133
-16.950
-9.955
-2.003
32.133
37.935
53.192
60.466
58.979
47.860
34.239
17.789
-2.326
-2.681
-7.467
-12.768
-17.451
-18.776
-12.444
-6.200
21.457
69.419
114.644
119.460
164.228
159.412
158.970
161.885
