-20.160
-20.013
-19.880
-19.733
-19.556
-19.469
-19.321
-19.218
-19.248
-19.469
-18.997
-18.276
-16.582
-19.144
-20.470
-14.932
-11.855
-15.242
-18.585
-19.512
-18.732
-25.609
-24.725
-18.217
-11.456
-5.713
5.964
-11.619
-16.626
-22.325
-38.539
-23.813
-24.077
-7.452
-12.487
-42.191
-40.998
5.111
4.860
2.798
2.989
-19.645
-13.533
-33.708
-27.936
3.357
-16.714
19.998
21.147
25.860
-0.604
-9.440
-17.907
-4.138
-5.670
-26.360
10.720
37.420
-13.680
-63.544
-60.495
-45.401
-20.794
-14.226
-15.404
24.195
-33.944
-0.030
-6.362
-45.872
44.577
42.986
76.267
37.361
-24.004
-43.237
-45.548
-69.493
-39.276
-126.455
-48.921
79.492
20.911
33.487
-91.333
-171.370
-109.667
-45.136
117.973
115.866
-81.672
-38.745
-32.810
-3.270
0.074
4.388
16.008
-154.596
-208.009
-46.388
39.436
72.291
23.753
-28.613
-47.389
-6.553
56.196
113.481
30.321
-84.691
87.563
131.653
96.280
63.206
74.987
60.805
42.589
87.474
148.736
53.707
48.214
80.877
93.837
137.749
93.748
159.943
130.739
-99.992
-136.616
-172.887
-195.712
-20.131
-32.707
-99.801
-55.120
-0.206
57.255
-3.446
-132.831
-76.488
26.537
69.685
-65.900
-36.478
79.007
-2.534
-118.135
-73.352
99.933
90.125
-53.883
-146.364
-180.206
-142.934
-124.820
-6.833
26.507
45.253
-35.579
0.044
59.067
-82.379
-155.908
-69.478
77.475
174.286
80.436
-127.794
-148.766
-75.502
55.518
97.473
139.326
169.705
-17.451
-112.450
-168.233
-102.525
16.303
56.313
-10.544
65.857
91.259
56.387
63.808
127.941
99.623
159.295
165.671
30.130
51.999
87.960
20.794
3.328
34.577
100.301
178.173
110.211
20.675
31.677
-2.989
33.782
109.549
133.199
198.363
180.191
78.742
-88.858
-90.478
-61.512
-34.121
-4.522
-23.842
-55.695
-129.856
-138.928
-48.612
43.118
-45.946
-62.041
-0.810
31.103
-26.551
-53.751
-99.167
-192.355
-339.220
-405.341
-305.114
-311.123
-348.233
-453.849
-451.361
-521.267
-458.444
-350.707
-321.887
-283.245
-241.570
-211.941
-22.501
220.998
424.810
317.867
92.407
-51.895
-38.892
59.391
308.767
465.955
567.345
603.498
588.064
717.495
791.479
644.938
445.102
309.973
223.501
182.355
136.262
68.447
-29.128
49.333
114.070
94.057
-116.721
-250.951
-322.653
-253.778
53.810
285.896
306.969
274.307
127.131
6.200
47.551
18.599
53.118
80.081
117.472
88.888
139.399
160.369
124.039
64.618
227.153
405.430
448.489
502.888
521.031
447.488
400.217
299.857
141.961
18.702
-202.751
-311.725
-85.014
384.179
895.874
1197.115
1172.464
1000.548
785.028
608.064
550.793
588.315
501.798
463.274
485.409
428.535
353.622
263.999
194.712
8.468
-297.146
-634.792
-689.662
-581.437
-495.436
-686.525
-894.681
-972.568
-886.817
-789.550
-776.797
-887.892
-1125.604
-1229.896
-1259.466
-1170.519
-1076.728
-1016.173
-911.984
-706.037
-252.954
89.138
94.307
-198.848
-495.187
-571.336
-384.842
-117.648
195.992
266.104
108.724
-73.822
13.254
279.328
612.408
609.404
566.064
522.474
290.225
47.183
108.576
225.975
291.758
357.892
216.903
89.889
95.838
115.764
-3.034
-249.169
-512.784
-465.762
-198.554
70.656
75.604
-167.055
-262.570
-143.980
149.074
178.924
-183.460
-468.001
-677.983
-696.082
-586.518
-470.505
-511.974
-527.260
-495.864
-383.737
-147.469
-124.747
-296.631
-391.689
-246.371
175.273
586.371
705.920
404.280
84.499
25.241
119.298
224.855
388.274
426.798
408.639
430.244
307.249
230.436
220.703
110.389
-263.042
-634.629
-849.339
-883.621
-696.259
-358.512
30.940
428.050
644.555
731.249
750.805
816.809
540.970
46.050
-214.120
-193.783
-174.138
-181.619
-294.054
-435.913
-362.841
144.259
836.984
1281.761
1497.752
1506.941
1267.949
842.653
502.873
257.357
96.399
-40.276
-224.266
-320.533
-490.370
-592.822
-279.314
347.114
881.457
1243.267
1404.667
1283.396
983.053
742.028
528.070
146.041
-290.446
-621.125
-600.406
-307.190
-69.685
-288.326
-509.235
-408.360
21.765
435.500
711.516
625.131
388.965
-31.397
-401.954
-604.087
-585.266
-379.540
-19.321
115.411
-59.406
-334.198
-427.327
-402.896
-261.907
105.161
426.179
691.516
833.419
324.626
-428.256
-909.260
-1082.088
-972.260
-587.269
-403.221
-305.025
42.087
404.943
630.536
545.786
210.675
-128.413
-299.459
-256.075
-100.581
-89.079
-178.335
-310.681
-507.130
-731.396
-895.226
-947.667
-1059.541
-1117.019
-983.967
-924.679
-928.728
-899.525
-707.495
-351.679
-156.614
-129.680
-225.386
-372.560
-448.459
-435.266
-414.575
-323.567
-69.567
171.384
377.184
594.691
579.804
412.748
146.880
-7.894
-128.914
-206.493
-238.713
-265.043
-230.113
-268.887
-382.044
-526.701
-460.417
-311.210
-81.525
112.892
240.201
492.932
883.946
1154.129
1217.334
1088.464
867.114
590.421
343.005
224.340
216.520
154.420
-72.012
-423.513
-622.082
-645.557
-603.999
-468.355
-230.570
-90.110
-71.069
-75.104
-53.500
-2.754
36.874
34.665
14.756
-27.317
46.182
143.596
18.835
-120.578
-212.869
-267.414
-251.334
-142.020
24.093
193.415
316.645
343.034
317.926
251.083
140.532
44.473
54.015
140.430
251.230
203.061
152.328
160.679
203.164
321.092
462.332
607.533
618.166
455.380
188.466
-96.045
-306.277
-546.036
-650.048
-485.216
-187.996
140.695
228.714
94.543
-116.160
-187.481
-109.284
75.325
31.131
-154.626
-283.819
-270.448
-159.603
-11.677
82.614
47.860
-112.567
-210.454
-343.608
-455.352
-476.499
-463.937
-410.289
-443.129
-500.163
-523.918
-531.810
-503.669
-439.638
-311.741
-190.558
-10.618
261.892
438.607
474.128
481.329
491.386
536.228
698.115
782.629
769.537
721.264
745.150
696.244
694.816
722.634
727.847
693.682
697.348
516.525
297.575
137.470
25.403
-103.643
-158.204
-152.638
-165.892
-134.966
-92.290
-182.768
-321.932
-416.990
-463.569
-493.434
-471.874
-513.049
-648.266
-723.944
-724.003
-651.623
-505.554
-337.115
-275.028
-238.375
-219.996
-160.826
-54.163
-115.380
-320.871
-545.977
-595.899
-498.013
-307.308
-77.961
51.278
-4.933
-152.447
-220.879
-261.171
-254.927
-257.651
-258.800
-240.833
-122.714
55.106
72.822
157.909
292.111
382.663
501.534
644.260
676.275
693.740
638.959
537.893
598.182
675.878
796.162
934.560
975.411
829.311
709.660
617.105
530.043
460.108
391.882
326.718
241.717
189.542
152.093
115.749
49.716
-52.484
-116.470
-175.670
-243.278
-358.791
-367.598
-308.619
-196.537
-145.938
-146.158
-223.943
-261.613
-254.648
-295.188
-263.336
-187.951
-79.433
105.646
281.803
389.289
346.347
210.409
101.126
72.217
100.433
176.141
267.267
307.544
279.093
182.621
66.210
-56.770
-76.297
85.324
211.439
237.565
272.495
264.809
327.734
325.746
247.991
170.030
29.423
-48.729
-27.229
-39.761
-39.319
84.793
205.358
210.144
107.561
1.914
-50.628
-74.353
-71.776
-56.224
-12.517
59.730
125.026
91.186
-14.475
-127.883
-185.934
-216.446
-245.561
-284.040
-204.063
-54.355
54.782
34.224
-59.626
-136.114
-150.812
-150.503
-200.189
-305.129
-376.802
-335.892
-188.674
-74.030
-98.504
-304.260
-457.502
-504.523
-449.579
-369.218
-237.741
-91.524
10.044
69.199
118.282
98.770
102.318
202.296
311.210
338.367
297.618
311.004
385.725
491.446
586.121
612.865
602.556
561.852
534.755
503.182
403.117
196.050
-117.221
-280.551
-261.907
-105.956
18.908
-9.542
-81.231
-130.210
-136.056
-106.545
-35.594
16.671
-81.687
-136.130
-128.664
-109.195
-30.704
13.048
-48.419
-155.156
-227.123
-197.480
-140.666
-98.268
-150.267
-256.576
-273.556
-297.971
-248.801
-160.768
-136.277
-136.056
-162.931
-135.378
-1.237
202.162
316.880
269.300
206.242
212.117
268.475
339.839
235.237
1.237
-238.596
-333.360
-263.012
-57.521
94.660
158.838
91.671
-37.758
-72.689
-83.689
-153.639
-232.145
-277.311
-269.550
-156.276
-55.562
-62.204
-205.889
-317.705
-392.633
-358.880
-301.963
-252.718
-296.278
-337.202
-372.900
-358.953
-300.225
-281.508
-341.002
-389.775
-423.734
-342.092
-209.525
-120.593
-39.142
62.838
135.040
180.603
160.958
17.481
-137.279
-208.082
-219.333
-146.938
-8.866
97.753
174.227
192.635
139.885
85.207
70.422
59.494
-38.332
-128.002
-228.169
-283.083
-312.596
-300.460
-249.801
-185.668
-140.961
-92.172
-128.870
-181.928
-262.187
-343.034
-406.519
-378.892
-293.878
-248.844
-225.798
-244.692
-271.347
-208.834
-93.703
24.019
77.638
113.717
91.582
106.839
151.209
214.842
202.428
187.392
216.565
263.174
288.371
324.096
371.072
398.022
337.630
244.058
223.870
279.609
349.706
351.958
281.891
239.066
239.199
274.439
281.803
267.813
268.430
249.065
255.443
272.554
286.249
308.531
308.178
269.727
262.996
283.349
228.877
108.282
-40.512
-116.043
-130.519
-106.382
-101.715
-91.922
-122.243
-102.820
-79.390
-93.512
-149.325
-189.263
-153.021
-54.399
81.525
186.229
159.574
111.316
24.755
5.096
21.015
41.940
49.303
78.461
69.567
46.918
29.968
-47.404
-85.971
-63.367
28.937
120.961
160.575
138.074
47.066
-11.870
-26.375
-4.742
138.323
272.185
310.857
277.207
190.705
105.308
34.460
17.687
-4.314
-30.498
-20.028
-26.301
4.388
40.645
66.916
76.120
72.144
90.229
144.214
234.325
271.847
209.953
107.708
34.665
-11.590
-23.651
-24.019
-16.935
17.200
50.836
47.934
18.025
-61.365
-174.507
-275.618
-343.668
-382.780
-353.431
-312.801
-305.453
-303.229
-292.200
-280.462
-262.011
-231.159
-195.093
-135.217
-131.049
-172.577
-234.633
-285.218
-289.283
-260.170
-251.805
-252.173
-272.436
-283.643
-282.229
-271.906
-263.438
-233.633
-177.054
-130.696
-84.412
-47.301
-3.638
42.485
99.593
182.723
274.615
348.571
417.211
444.749
436.325
392.986
378.966
321.652
257.680
215.667
228.346
182.032
143.919
89.536
39.687
-20.602
-49.864
-40.835
-18.291
3.372
-23.621
-54.899
-52.837
-49.069
-71.334
-129.193
-171.678
-210.969
-173.608
-119.681
-136.335
-122.581
-104.498
-59.951
-6.141
28.673
45.504
59.626
49.465
37.656
69.361
148.131
243.469
294.422
308.648
284.174
260.361
274.498
323.875
337.983
304.304
235.945
169.235
128.576
96.369
67.269
102.774
136.792
90.670
59.936
85.722
136.101
179.410
162.299
81.068
-15.625
-106.633
-130.534
-87.636
-37.199
-42.412
-78.697
-103.084
-62.115
-19.616
-10.941
-32.619
-91.656
-135.025
-145.201
-159.088
-138.442
-134.715
-113.098
-41.145
77.725
171.694
208.554
110.889
-56.681
-190.337
-204.150
-149.545
-84.808
-67.388
-77.269
-35.490
44.930
119.445
125.351
87.106
8.364
-48.302
-63.588
-94.484
-142.094
-163.094
-153.831
-120.225
-93.202
-100.035
-112.111
-139.178
-134.510
-133.921
-141.108
-162.461
-185.581
-203.340
-207.316
-188.187
-185.079
-210.954
-222.765
-222.852
-204.195
-193.150
-172.709
-143.198
-103.953
-84.485
-82.805
-67.329
-19.807
38.774
93.217
118.841
98.224
35.696
-16.979
1.325
82.246
144.833
175.906
180.735
143.066
78.374
40.688
43.826
111.361
153.773
174.948
163.505
128.296
95.515
82.452
138.663
181.090
205.167
206.846
182.650
144.539
111.051
98.283
79.169
69.759
69.317
45.195
-1.295
-54.236
-92.923
-98.813
-61.129
-15.212
-11.266
-27.523
-57.565
-89.624
-111.714
-135.187
-129.856
-98.166
-75.178
-45.976
-16.095
15.079
14.300
-5.655
-54.899
-73.380
-39.010
34.444
94.573
104.277
95.795
61.452
28.216
39.791
82.511
100.242
85.074
42.000
17.494
22.163
14.609
20.941
23.017
4.933
-21.412
-6.111
27.921
41.071
10.603
-31.087
-61.246
-64.310
-69.861
-78.595
-84.044
-65.709
-32.692
9.808
20.307
10.544
-21.854
-64.958
-71.511
-54.208
-32.324
-14.196
-25.580
-41.219
-58.037
-73.779
-75.929
-54.988
-34.710
-34.401
-39.599
-15.036
-9.263
-4.875
-6.332
-6.685
-48.023
-94.660
-118.724
-121.182
-109.195
-85.663
-82.968
-63.161
-46.446
-50.113
-70.937
-68.536
-105.293
-133.111
-146.173
-119.179
-132.316
-117.089
-120.182
-123.450
-132.448
-116.058
-75.399
-67.241
-67.416
-56.387
-41.190
-30.395
-24.991
-4.329
-25.093
-18.672
-4.639
4.065
7.025
-28.480
-1.429
6.008
-1.016
-4.093
15.064
55.135
107.944
157.498
182.179
178.188
153.212
126.984
106.324
100.639
119.504
142.609
137.338
106.751
84.234
97.724
93.512
98.402
93.939
71.702
37.994
11.251
11.222
3.534
3.504
-3.476
-3.682
1.282
-17.362
-26.640
-9.763
-0.264
0.485
-21.102
-41.366
-37.316
-3.902
47.094
88.858
91.171
46.873
0.810
3.123
26.449
42.000
53.868
53.913
45.136
41.617
33.444
45.004
38.024
6.200
-21.442
-34.592
-2.518
2.356
20.853
18.217
11.545
-10.573
-19.027
-31.618
-51.572
-75.384
-55.267
-47.830
-28.613
-26.728
-25.992
-28.171
-19.056
-17.760
-3.859
10.573
22.104
22.811
26.449
37.448
66.195
78.491
74.692
44.768
12.650
-15.493
-15.831
-6.141
6.670
18.408
46.505
79.949
79.360
68.581
33.193
-9.925
-43.399
-77.681
-50.997
-38.847
-17.347
-11.751
-32.281
-47.094
-45.372
-28.584
4.890
-13.431
-21.986
-23.694
-21.089
-12.149
7.922
23.857
40.056
51.498
104.424
101.200
124.968
114.835
97.768
69.125
26.228
34.356
28.244
26.066
47.964
18.687
4.727
4.050
4.669
-0.427
-11.987
-18.776
-8.203
-0.721
-22.856
-55.267
-78.270
-96.280
-95.264
-79.110
-70.701
-47.434
-13.828
6.744
21.044
20.985
31.514
39.142
47.566
38.789
11.207
-17.568
-24.476
-30.955
-33.855
-30.042
-42.206
-43.486
-36.859
-18.585
24.298
64.339
106.294
110.404
111.095
61.203
30.453
16.082
2.120
-24.623
-81.363
-66.047
-31.103
3.578
48.582
27.655
29.688
24.608
23.400
48.259
71.098
73.690
55.769
40.173
40.909
55.239
61.467
56.254
38.657
57.064
55.488
71.319
85.530
92.953
96.369
76.871
74.853
55.135
30.704
26.081
36.153
28.452
12.106
-1.516
-16.478
-30.351
-43.295
-51.999
-41.160
-31.146
-24.004
-10.854
1.089
-18.319
1.089
-9.483
-14.490
-5.228
