-2.146
-2.131
-2.100
-2.071
-2.040
-1.934
-1.920
-1.949
-1.873
-1.753
-1.178
-1.995
-3.189
-0.045
-0.529
-1.782
-3.355
0.333
-0.045
1.631
-5.802
-2.871
2.478
-4.880
1.738
-5.153
4.533
5.969
-13.448
-2.311
-5.093
7.298
5.229
-11.515
3.293
12.511
-17.648
-14.657
-0.740
-8.673
4.262
24.117
-39.151
-4.397
49.003
-25.839
-42.400
49.336
-35.932
8.295
14.868
-29.359
33.500
-4.246
-3.324
-21.215
10.291
18.390
-46.798
-12.179
-9.338
4.200
9.126
5.409
-41.327
32.881
32.065
16.199
41.009
-7.284
28.710
45.769
34.452
12.889
-24.312
59.460
-30.659
-11.393
-34.678
63.872
26.021
37.141
-73.619
-42.022
49.909
-66.153
-67.906
19.508
160.655
28.846
-75.824
17.044
8.446
19.250
-34.043
-48.958
106.333
58.266
30.554
-28.347
14.673
58.295
135.314
-57.631
-106.211
130.343
130.812
-5.711
-67.559
-103.386
-6.558
-136.478
-84.770
-58.160
111.984
30.643
-77.245
-17.195
104.382
199.533
9.187
-192.114
15.019
235.934
96.298
-1.164
-55.138
-7.193
-52.660
107.042
157.028
-114.930
-22.696
33.334
63.797
86.779
86.085
98.142
-69.841
-350.124
-255.608
33.832
-50.680
-3.960
-57.042
118.315
130.963
18.163
-29.148
-64.113
53.597
157.435
49.078
-79.663
122.908
52.237
40.814
-122.183
-188.080
-49.713
187.445
179.859
62.966
-43.638
-48.233
-73.619
135.963
-116.306
-183.485
43.956
162.906
-4.049
50.560
229.694
-10.577
-104.322
-34.043
227.185
161.864
-50.197
34.814
-146.994
102.600
342.463
23.255
-86.643
-103.551
-210.835
-113.071
144.954
64.733
75.779
-113.464
-190.558
65.972
48.171
-64.704
-78.665
54.442
258.146
152.691
-46.509
-192.900
-46.858
238.141
140.874
59.399
-159.340
95.271
157.633
273.152
-23.708
-18.555
13.795
-14.037
129.648
-146.436
-77.608
177.472
166.879
-69.099
-51.904
-19.583
14.597
-60.986
66.637
190.316
238.700
14.733
-173.997
-87.776
-32.185
-76.217
163.706
144.425
-135.056
74.208
128.288
-24.841
138.547
155.895
97.418
-1.995
45.074
24.010
50.665
-119.372
-101.451
-75.583
-76.414
235.934
244.216
312.484
255.306
-218.935
327.927
609.993
389.758
414.902
375.450
-109.702
-395.803
-311.637
-790.185
-1095.824
-776.872
-560.144
-616.990
-223.906
-164.900
-101.360
167.001
-5.500
109.279
465.462
627.294
204.762
16.546
-98.158
-456.411
-440.061
-25.265
23.150
-63.902
-52.720
-408.919
338.307
275.721
-108.235
-356.893
-345.576
-19.146
8.024
27.410
324.028
367.939
55.184
-299.413
-170.053
-175.795
286.147
607.333
490.485
-253.296
-358.495
295.167
291.587
-13.479
-191.812
19.553
-131.748
12.406
-435.225
-234.801
-21.804
-720.103
-718.759
451.575
672.339
797.469
1140.596
976.965
-153.280
-677.552
-718.017
-538.460
-297.569
-31.143
242.341
305.820
207.904
-13.479
-310.504
-703.618
-817.037
-0.846
110.955
-125.855
-130.283
-687.087
-995.280
-892.996
-621.084
-147.402
831.634
960.888
1119.744
1011.342
858.046
92.823
-144.198
-255.744
-481.161
-774.712
-1205.511
-1420.079
-409.386
96.314
-367.894
-603.451
2.644
408.693
404.386
682.614
783.370
578.095
77.019
131.869
631.692
430.708
-725.210
-1229.794
-590.863
-98.989
252.193
28.892
-521.114
-626.675
-512.713
-706.533
-843.329
-298.114
470.388
332.218
57.691
86.401
312.968
164.144
6.453
-66.697
28.861
163.193
-201.453
-248.673
-64.855
-34.648
-456.002
57.435
1113.397
1241.625
517.593
-104.897
-657.289
-419.557
-223.650
-260.957
-617.217
-599.793
-577.279
-234.136
-233.063
-951.171
-1172.828
-713.802
-489.896
-876.345
-812.050
-868.895
-1217.010
-1249.135
-1221.075
-1047.078
-515.039
24.524
45.845
144.289
1059.982
1376.470
1285.490
999.480
764.437
312.741
-467.532
-567.412
-589.111
-766.688
-896.004
-504.493
659.102
1231.214
1439.814
983.040
226.263
90.285
549.702
1086.471
1041.094
316.488
-468.817
-45.573
578.367
571.401
477.852
211.275
-303.282
-180.766
100.787
450.880
128.243
11.137
681.345
1150.146
818.246
197.931
-409.962
-390.725
330.283
495.078
1047.591
1712.375
1708.870
1152.549
593.705
390.485
370.992
577.703
393.369
-143.232
-215.279
135.571
273.015
291.405
130.372
-136.085
0.227
152.162
-25.521
-156.771
84.785
108.311
-10.593
170.703
374.119
114.975
-321.641
-1024.865
-1401.402
-1362.659
-1124.927
-463.648
-146.254
334.787
506.064
-271.701
-387.598
-483.549
-653.995
-351.560
-101.467
143.216
87.836
-301.227
-320.432
-598.040
-764.241
-671.779
-262.680
661.882
1199.331
1127.949
751.442
241.887
121.170
36.008
-19.583
-192.160
102.404
344.458
92.627
-219.555
-34.648
553.238
611.262
222.017
131.959
523.017
1263.610
1585.236
1580.054
1158.577
796.789
253.629
-662.397
-1172.585
-960.993
-238.065
465.462
545.880
547.558
490.772
587.963
508.950
182.685
-315.248
-884.459
-1291.867
-1192.773
-357.922
114.884
149.835
204.913
210.322
77.274
384.243
381.885
-306.833
-590.501
-626.901
-112.210
112.860
-463.271
-921.721
-672.219
-449.989
217.711
950.733
1346.309
1467.859
517.926
-165.731
-536.632
-844.402
-701.109
-494.096
-2.222
-17.166
-512.591
-342.765
-34.421
764.241
1197.638
1226.801
1052.955
817.671
445.894
-91.312
-561.337
-518.908
-339.123
-200.758
119.841
313.209
765.268
612.895
-233.501
-280.721
-174.465
-49.547
-373.243
-705.915
-1004.028
-890.534
-445.274
138.759
62.799
-297.978
-262.000
-238.412
-282.430
-345.153
-769.121
-627.310
220.417
303.751
129.512
318.543
782.827
930.592
845.262
618.304
371.852
218.437
197.720
139.122
-134.301
-440.514
-736.060
-1133.011
-1146.927
-786.454
-488.098
-432.098
-494.458
-927.161
-882.827
-191.283
372.865
70.868
-268.875
-222.532
197.887
778.716
1103.213
768.788
-110.653
-186.856
124.374
236.720
255.851
266.231
430.496
422.457
82.065
-476.145
-567.095
-178.046
57.677
420.992
945.747
1417.102
1502.506
963.124
168.966
-249.609
-211.002
-398.720
-163.993
422.035
751.502
734.216
524.301
281.070
41.736
-374.150
-728.217
-820.603
-927.510
-654.902
-615.040
-731.994
-818.155
-725.861
-232.670
160.504
67.726
-72.636
-174.783
-231.174
-578.095
-901.957
-772.037
-532.674
-334.001
-40.783
294.820
564.632
678.972
655.384
-36.990
-766.206
-731.330
-319.692
-153.840
-220.250
-201.391
-217.061
-205.442
-313.844
-273.877
-51.949
52.478
138.185
352.557
548.071
359.235
-120.688
-389.229
-266.457
-119.932
-140.149
-147.236
-13.433
-150.620
-574.574
-780.696
-757.984
-709.888
-545.320
-215.324
144.591
298.718
206.726
65.308
-103.929
-323.786
-311.910
-261.939
-285.632
-350.396
-375.888
-473.334
-570.479
-576.917
-568.077
-552.453
-413.135
-265.657
-232.912
-191.782
-225.977
-346.240
-346.422
-383.881
-522.761
-637.781
-565.750
-366.821
-222.848
-13.191
94.924
343.958
553.042
553.511
505.475
561.020
474.361
281.976
32.578
-41.629
55.289
240.332
341.496
325.192
183.290
-27.668
-192.416
-83.394
172.848
437.463
683.007
957.942
1076.165
856.309
589.096
327.232
-40.073
-121.533
19.855
7.933
-163.857
-462.273
-749.266
-826.903
-664.391
-346.618
-15.790
205.804
269.737
208.584
280.494
200.787
158.842
248.053
273.257
310.262
441.874
592.994
702.000
675.799
518.772
223.952
96.662
97.507
315.899
605.431
703.844
875.937
1018.337
852.940
622.188
530.437
426.174
297.313
265.535
346.467
247.962
-55.184
-339.365
-513.181
-526.614
-531.132
-477.898
-314.766
32.185
335.496
271.852
-58.311
-418.937
-665.192
-697.467
-612.381
-567.139
-423.728
-365.552
-364.222
-271.459
-213.813
-224.572
-282.354
-266.866
-87.716
153.793
340.167
442.449
408.451
251.482
143.458
-40.118
-139.998
-87.429
-99.169
-96.752
-61.666
128.621
259.991
162.392
-195.438
-536.889
-742.889
-716.808
-504.477
-205.895
-45.196
-38.229
192.674
335.301
387.432
578.141
799.222
869.788
809.255
722.748
567.306
494.851
414.675
192.431
-201.513
-395.078
-208.040
49.729
67.966
-202.737
-382.687
-429.861
-409.402
-440.605
-549.642
-608.693
-647.407
-722.839
-797.771
-778.383
-685.319
-522.096
-104.760
258.373
338.323
415.704
573.623
799.856
929.488
926.239
585.167
198.294
-76.217
-190.603
-124.132
21.744
65.746
105.275
178.923
223.181
311.804
389.411
359.719
258.917
192.945
244.669
150.349
46.631
125.552
291.571
343.989
259.264
193.156
222.668
316.519
460.913
524.061
456.153
329.212
234.167
276.763
321.868
310.701
258.404
183.970
-59.173
-236.343
-156.953
31.943
-23.376
-139.620
-137.747
0.695
119.372
60.864
6.044
15.926
42.098
145.060
215.217
257.437
296.951
202.238
147.116
213.450
243.247
260.322
427.399
403.660
193.912
13.282
-83.696
-23.195
59.415
151.482
95.574
52.373
79.934
44.954
-25.341
-61.786
-12.995
18.948
51.466
14.748
-118.208
-202.495
-307.739
-543.749
-732.856
-838.689
-850.749
-828.838
-798.466
-802.198
-720.254
-491.543
-226.037
-172.063
-180.010
-203.946
-252.027
-245.711
-55.546
126.127
186.992
186.614
275.872
336.525
412.666
374.241
241.798
182.156
211.577
184.392
59.233
-80.705
-249.367
-405.519
-464.555
-386.783
-261.108
-188.216
-164.432
-193.323
-232.065
-238.247
-264.297
-377.383
-509.933
-537.614
-479.590
-308.933
-147.660
-129.843
-94.380
-18.419
62.028
124.586
146.980
198.280
106.573
-24.690
-84.150
-61.469
12.737
-21.261
-43.820
99.382
374.028
623.653
836.332
852.637
804.540
728.685
574.770
411.775
256.077
90.754
51.753
28.212
-18.404
-64.717
-53.944
-52.207
-52.282
-82.503
-111.697
-156.151
-255.548
-364.464
-397.344
-241.449
-159.173
-175.297
-207.935
-207.300
-143.065
-138.547
-178.410
-178.938
-262.333
-372.684
-446.936
-395.924
-311.335
-233.199
-153.960
-94.214
-60.306
9.942
36.839
128.394
185.798
165.157
-33.152
-21.441
2.040
-18.888
-20.535
-51.104
-98.731
-88.607
-2.402
2.886
-80.539
-181.325
-280.041
-254.264
-127.048
9.444
73.543
61.846
104.866
189.379
211.682
185.148
111.893
-2.704
-117.846
-163.737
-133.063
-69.130
-56.331
-9.278
18.314
33.485
23.497
46.102
105.062
2.297
-110.337
-109.853
-80.267
3.822
142.869
225.492
255.487
239.607
241.994
213.737
132.201
24.524
-194.547
-361.940
-432.038
-432.748
-352.693
-289.743
-303.055
-324.981
-232.172
-182.503
-136.538
-55.713
-39.030
-46.676
-86.961
-78.952
1.995
16.184
125.537
224.617
302.391
327.685
345.787
302.904
187.867
100.878
70.959
52.553
-31.430
-115.852
-178.741
-200.893
-304.506
-419.737
-417.986
-345.002
-257.164
-212.664
-228.454
-179.014
-115.413
-63.826
-37.882
-3.475
67.106
146.193
183.970
234.545
148.536
52.313
-91.827
-206.182
-291.042
-319.752
-300.682
-294.156
-261.682
-204.233
-115.202
-9.611
80.372
121.910
120.537
62.890
-5.575
17.106
42.491
-13.841
-26.761
-65.655
-84.785
-105.169
-86.160
-44.758
14.370
112.995
218.286
273.061
282.005
268.150
185.601
108.387
72.681
74.208
59.973
72.726
25.204
-84.467
-112.617
-134.619
-158.615
-133.697
-150.727
-122.999
-126.535
-83.032
-38.562
-41.780
-42.611
-26.035
-18.903
26.534
-33.817
-92.914
-95.982
-123.770
-131.990
-95.529
-25.219
72.772
129.074
151.195
140.785
103.702
49.064
2.449
-103.960
-124.932
-142.205
-116.532
-62.149
45.422
113.948
190.543
262.348
325.736
371.128
408.662
435.665
436.556
451.182
420.870
390.469
325.645
249.731
247.629
291.783
357.090
401.424
386.163
388.369
358.208
304.582
238.065
175.870
163.480
157.693
169.570
130.025
145.498
193.534
236.040
268.633
277.519
315.324
316.110
319.344
291.058
303.448
315.626
321.339
269.539
294.216
315.430
353.251
373.697
363.815
356.471
314.282
314.539
315.037
301.287
297.464
285.512
253.522
208.706
173.241
89.378
-2.373
-52.055
-67.090
-43.458
-33.741
-27.470
-37.670
14.612
72.046
129.859
170.839
180.072
144.576
37.852
5.304
-18.314
-53.340
-92.960
-93.187
-45.089
-56.951
-66.275
-72.697
-41.433
8.719
43.533
94.032
46.389
35.041
-27.123
-155.895
-259.642
-316.806
-333.170
-339.018
-389.351
-383.699
-351.393
-354.838
-314.659
-294.125
-235.919
-173.981
-67.437
35.903
100.047
124.253
101.511
74.192
95.680
109.264
154.369
157.722
133.939
63.071
-31.445
-115.640
-182.323
-237.914
-261.622
-277.232
-275.659
-289.380
-315.537
-323.181
-320.039
-298.522
-256.288
-218.286
-197.373
-224.208
-230.163
-229.936
-219.237
-219.524
-223.968
-195.514
-201.618
-222.879
-260.655
-319.479
-358.586
-382.310
-384.334
-387.614
-351.076
-269.419
-196.103
-76.821
16.848
18.526
17.710
-1.617
-15.746
-68.390
-85.994
-123.044
-142.280
-177.910
-228.712
-256.424
-328.516
-368.619
-363.073
-305.533
-275.735
-275.992
-286.434
-292.402
-284.816
-261.531
-242.945
-214.750
-174.903
-143.791
-128.121
-125.175
-140.663
-164.326
-166.668
-162.377
-177.397
-163.888
-128.923
-93.805
-91.434
-39.045
-31.852
-25.808
7.464
-28.136
-29.043
-0.362
35.540
70.233
138.563
166.457
192.189
203.205
171.503
160.744
141.705
124.781
77.230
93.080
102.253
101.814
51.269
-7.646
-47.280
-91.660
-87.747
-127.865
-129.754
-107.980
-55.500
-24.132
5.289
64.657
90.058
85.872
75.295
82.774
82.925
92.642
60.775
90.663
90.618
101.406
108.493
93.020
56.846
50.680
13.993
-13.417
-61.953
-79.541
-106.393
-142.174
-118.950
-104.851
-88.865
-91.751
-92.551
-93.049
-44.183
-10.728
61.968
58.553
56.755
77.608
85.419
104.700
126.852
193.187
236.872
279.739
305.729
304.204
271.112
204.942
195.000
144.591
157.829
153.431
116.819
105.062
86.658
70.143
72.788
67.528
74.283
127.532
115.837
84.936
62.331
2.342
1.360
45.845
102.329
