5.515
5.484
5.424
5.380
5.304
5.213
5.153
5.093
5.455
5.031
4.004
5.138
6.075
3.747
3.460
7.329
5.606
1.420
6.286
1.178
5.818
9.822
0.091
4.895
3.642
1.678
-3.204
3.551
10.789
-6.302
6.180
8.175
2.856
1.693
-3.838
-6.740
18.466
-3.944
-4.926
6.180
-2.613
26.292
15.760
0.393
-26.081
10.804
-32.245
-32.985
46.540
-8.644
7.102
31.550
-47.100
-23.119
18.661
-21.502
-39.816
43.760
55.273
-65.081
-15.019
30.794
16.093
3.007
-8.991
-31.248
5.697
56.771
-71.684
-23.679
99.865
-89.045
-19.946
88.607
-98.505
-67.211
-27.456
-58.568
-14.975
64.839
71.457
-131.869
164.402
37.021
-83.107
4.397
-19.990
68.057
118.375
16.184
-41.040
67.211
-43.820
-121.412
10.880
31.883
-16.244
48.006
52.826
7.706
-17.059
-144.834
-126.625
10.517
12.119
92.838
93.503
20.595
-34.467
105.984
40.073
-62.059
5.471
113.737
91.071
44.560
-54.307
-62.648
-32.820
-38.532
-125.523
-223.348
78.439
44.772
-45.300
-51.345
42.022
49.049
7.964
49.320
-25.945
55.758
-57.571
-128.605
130.841
37.307
-184.861
84.725
105.728
150.242
93.187
-146.329
-24.252
78.725
121.519
-85.012
45.407
-21.488
-28.590
-173.045
-171.988
-109.928
-139.967
50.711
-73.468
-31.414
110.760
65.444
7.918
-1.405
-88.743
-160.986
-20.052
229.512
281.114
-63.313
-294.109
-159.506
95.574
168.375
-67.801
-140.889
-19.206
49.909
29.888
-98.943
-113.268
13.342
53.295
-25.672
-135.374
21.759
28.408
-71.895
-164.386
205.411
368.483
48.384
-2.765
-26.745
55.727
-168.723
-81.656
227.125
-8.855
73.528
-114.915
-187.294
-263.148
-101.935
-82.321
-7.162
227.457
198.718
-91.841
-354.038
-177.154
67.739
218.512
188.714
-98.913
-14.793
17.257
-54.896
-54.291
-45.845
146.465
46.374
-74.464
46.465
-176.308
-157.284
-88.336
-54.035
90.103
-154.504
-129.663
-255.562
-57.087
71.428
103.537
-28.150
5.697
327.654
189.756
-14.219
-32.050
190.120
168.073
73.966
-23.088
99.336
-216.170
-80.508
229.256
-79.481
155.049
289.727
3.793
-272.063
239.576
168.677
-70.762
150.333
354.220
319.148
179.345
128.046
79.314
313.557
362.424
-316.126
-637.298
-365.733
-182.776
29.330
-34.436
-363.300
-589.187
-5.953
-115.882
27.834
328.501
-48.867
16.924
174.601
386.827
271.353
469.919
109.959
-100.575
91.161
50.333
110.624
-173.301
-154.111
-118.497
-299.020
-39.438
187.641
305.200
267.455
105.742
-443.718
-166.502
-43.654
-199.231
-682.614
-536.330
-130.283
152.811
80.554
-503.767
79.874
633.203
735.787
196.405
-223.061
-487.734
-413.346
-880.818
-902.653
-222.803
-346.256
-405.671
-413.573
46.449
1108.486
1187.529
972.930
767.188
30.734
-1171.633
-1289.767
-816.221
-431.388
260.700
634.759
781.603
536.300
38.652
317.757
808.499
468.635
-42.989
-614.013
-1301.462
-361.804
888.765
820.315
900.386
1000.991
905.946
381.841
-364.857
-830.817
-177.850
819.848
426.794
588.385
696.169
453.571
-294.291
-1584.314
-1818.330
-1360.437
-146.163
473.879
707.682
278.077
155.833
182.987
95.634
-43.714
191.056
674.650
528.956
263.677
129.723
41.811
-81.279
80.297
236.841
349.338
-148.491
327.141
937.467
514.677
520.646
194.592
-291.556
-429.937
-1080.819
-1347.580
-942.967
-490.349
-420.403
-270.417
-105.395
557.213
1272.526
1409.411
1196.036
465.795
233.139
-151.649
-612.622
-273.257
378.788
677.734
-5.107
-870.119
-1031.650
-562.259
-75.779
-196.858
308.238
482.536
-522.096
-537.871
-132.730
-175.628
-780.863
-1207.551
-1111.404
-946.669
-923.081
-525.194
255.820
317.335
-206.953
-580.437
-718.955
-835.487
-530.483
336.872
544.384
64.401
-448.220
-744.733
-752.167
-785.547
-1028.159
-951.700
-644.580
-413.830
183.334
170.703
-167.091
379.181
1396.689
1542.080
1079.656
892.332
949.117
474.997
20.248
-267.288
-895.429
-627.930
-69.704
250.713
377.172
116.079
-553.224
-905.417
-503.511
-40.874
532.870
1150.811
470.055
-167.892
178.756
531.314
575.859
76.972
-403.887
47.356
476.643
921.616
1293.182
1585.130
1464.186
566.128
165.822
129.301
48.006
-88.336
-247.449
422.170
938.796
978.205
1022.735
946.231
743.720
388.807
310.913
478.276
900.204
992.333
439.925
-183.245
-702.666
-885.654
-1034.052
-850.642
-675.632
-703.709
38.154
742.542
559.540
166.472
94.622
592.676
831.029
784.791
824.788
232.172
-190.240
-320.508
-381.372
-630.074
-914.997
-1037.362
-1171.770
-1217.841
-1143.256
-968.352
-1040.838
-1571.772
-1549.938
-1081.923
-458.571
-234.936
-239.183
145.378
321.566
-284.045
-795.232
-942.211
-892.378
-790.745
-801.216
-702.605
-847.665
-825.528
-428.336
-110.578
-245.620
-282.761
669.015
1733.983
2189.789
1635.176
1083.494
558.482
86.885
14.235
-201.891
-150.636
288.534
805.553
1354.998
1492.036
971.239
434.394
-16.259
-792.058
-709.526
-215.973
-194.351
-582.341
-838.523
-605.264
-494.020
49.971
187.778
-205.382
-445.154
-20.399
231.310
-243.762
-799.871
-923.248
-878.370
-549.007
-407.966
-661.082
-555.006
-459.886
-178.530
39.045
382.339
921.555
489.518
-576.583
-1160.920
-1051.082
-787.723
-381.796
481.630
580.377
234.454
22.817
185.285
622.505
792.920
1100.871
1277.270
1422.210
837.420
-16.879
79.526
-75.219
-150.742
-17.544
-113.797
-158.751
178.726
681.587
804.404
766.779
722.688
1006.280
1343.727
1379.945
1354.833
1232.377
1017.582
698.298
63.222
-190.649
-270.688
-862.459
-1065.015
-948.362
-935.683
-841.107
-332.158
-16.999
-116.517
-295.334
-80.583
233.305
498.978
775.528
403.751
-39.816
-333.201
-330.798
-75.159
-230.494
-341.843
-133.168
362.606
685.092
674.848
425.932
552.498
698.313
32.003
-535.936
-324.890
219.208
519.935
442.298
339.834
284.061
97.689
-154.882
-203.266
-134.891
214.297
552.831
749.040
867.928
924.034
474.483
-281.009
-337.492
-348.522
-447.163
-390.787
-32.578
317.455
450.940
572.036
266.201
288.881
407.498
112.013
-93.383
-85.540
178.938
492.147
571.054
218.739
23.708
4.866
-119.568
-266.941
-128.061
236.796
506.502
270.281
-131.521
-508.920
-722.159
-814.635
-863.531
-830.561
-624.756
147.735
827.992
907.186
905.795
1045.265
1003.515
662.502
131.279
-167.892
-382.339
-631.510
-701.093
-828.445
-999.269
-1116.737
-1126.257
-628.730
-32.956
57.102
-212.635
-320.401
-113.721
198.204
446.498
387.054
82.185
-208.388
-390.152
-537.780
-552.800
-501.591
-643.825
-612.230
-412.379
-522.821
-595.502
-517.457
-515.235
-789.098
-939.929
-986.485
-1108.411
-964.726
-567.261
-243.127
-218.557
-322.532
-440.878
-474.861
-281.825
-124.404
-27.834
-33.938
-187.565
-148.098
-125.764
-268.090
-381.041
-165.415
80.872
154.913
166.397
65.006
-205.622
-459.342
-564.617
-482.023
-237.007
2.811
157.420
377.399
517.366
576.343
631.510
513.997
306.924
62.588
79.587
262.135
170.295
208.388
485.498
522.459
255.835
-19.508
-24.675
119.403
139.334
120.974
75.930
61.515
-20.052
-254.504
-247.705
-166.306
-346.149
-794.400
-1141.065
-1210.995
-1122.434
-1136.623
-1284.947
-1327.814
-1251.764
-1152.473
-1077.601
-865.632
-354.536
71.593
274.330
429.454
492.676
527.868
671.024
889.507
1029.746
980.410
865.390
838.629
883.674
845.656
538.114
262.408
321.973
456.033
417.622
364.419
263.828
68.390
-213.253
-429.106
-381.781
-80.101
168.935
363.255
360.897
197.100
313.466
581.223
518.757
396.120
258.222
190.573
221.550
124.630
74.752
2.040
35.705
9.051
-177.245
-145.649
-77.819
33.803
199.836
143.262
-101.120
-346.573
-455.973
-197.282
230.932
270.568
7.344
-355.851
-645.307
-772.883
-877.992
-899.404
-917.097
-925.772
-741.847
-354.249
-7.147
166.335
197.765
327.503
578.926
457.257
118.330
-106.120
-310.097
-512.199
-557.530
-522.685
-553.344
-581.268
-349.384
-127.487
-119.161
25.143
376.174
739.398
774.486
685.516
667.821
470.252
346.029
380.314
376.159
354.627
274.406
299.549
317.455
212.408
167.817
255.140
471.914
591.407
547.496
376.099
217.877
48.505
-33.696
-118.708
-289.198
-474.739
-533.519
-625.739
-686.452
-385.256
96.284
204.671
214.524
409.704
464.601
414.253
286.947
213.813
294.049
440.983
437.085
334.832
237.430
180.479
206.893
186.554
271.746
407.075
335.694
214.568
139.439
56.709
-45.664
-167.424
-218.768
16.773
248.718
333.245
233.834
13.735
-81.823
0.907
57.193
-83.168
-157.662
-213.164
-306.924
-401.696
-357.619
-8.235
325.116
492.056
550.836
565.070
540.591
535.741
538.974
596.318
673.730
705.657
680.014
581.178
351.136
110.291
-49.124
-206.227
-287.990
-286.207
-235.754
-233.819
-262.226
-172.848
-3.717
90.269
76.277
-20.279
-111.046
-147.220
-69.508
110.337
139.183
102.418
37.036
-61.333
-0.786
121.563
164.175
202.178
215.671
82.321
-16.637
-33.545
20.203
134.725
171.383
130.025
135.118
236.736
224.632
163.253
195.605
330.874
463.557
490.454
498.600
458.042
319.526
212.559
127.230
-39.091
-170.219
-250.667
-265.551
-192.476
-83.259
12.466
39.771
70.233
67.362
35.721
-4.367
-20.157
-76.368
-165.082
-200.395
-114.930
-5.999
122.652
245.636
268.966
204.671
164.764
123.059
50.696
-122.590
-197.131
-196.240
-224.345
-290.514
-459.162
-519.663
-440.409
-369.557
-370.930
-364.933
-296.860
-201.891
-26.610
57.691
46.616
13.735
37.367
107.495
81.490
-14.400
-87.927
-132.972
-121.926
-251.544
-415.808
-485.936
-539.125
-460.597
-302.904
-142.612
-13.404
-48.369
-109.535
-151.467
-164.295
-144.607
-113.510
-80.599
-54.700
-44.274
-83.530
-165.490
-242.734
-262.966
-253.478
-162.195
-25.477
50.771
11.364
-45.180
-118.057
-199.125
-219.586
-219.071
-278.894
-329.650
-349.504
-351.393
-385.423
-366.881
-264.282
-80.494
-42.098
53.249
158.902
211.848
235.194
181.234
138.276
157.677
218.074
266.715
284.514
272.834
266.744
221.912
107.768
-24.781
-109.491
-172.365
-255.140
-318.634
-419.375
-451.455
-429.454
-348.507
-165.277
16.577
84.423
158.493
257.542
300.411
232.354
152.600
135.087
70.415
-10.940
-48.067
29.421
111.726
119.615
67.106
16.244
53.702
140.105
220.446
283.592
306.802
277.699
234.832
106.196
-13.266
-81.279
-159.582
-95.574
27.954
105.364
141.207
107.495
78.348
68.904
50.242
-23.104
-106.484
-113.586
-104.957
-90.165
-74.208
-30.599
-44.545
-97.402
-91.327
31.687
132.881
181.492
185.903
58.311
-79.375
-265.475
-322.139
-261.848
-214.537
-187.385
-141.978
-133.545
-203.477
-329.830
-438.021
-487.494
-521.128
-555.113
-583.823
-599.900
-622.641
-698.284
-751.624
-762.564
-643.720
-514.239
-415.870
-370.493
-351.167
-280.283
-291.027
-286.736
-298.945
-244.562
-122.077
8.658
127.865
209.431
289.245
312.393
299.338
302.858
344.714
380.828
403.464
430.314
428.110
380.421
319.677
228.817
131.794
61.998
21.699
9.262
3.233
-86.870
-145.105
-134.287
-74.706
-18.450
30.583
81.641
193.172
371.006
479.621
458.633
372.306
318.119
287.265
284.967
259.326
206.318
171.639
127.563
41.191
-46.509
-92.340
-164.266
-212.710
-198.778
-187.823
-149.911
-126.490
-137.158
-163.857
-184.605
-195.363
-186.070
-110.804
-16.199
54.580
120.399
190.105
257.422
301.786
355.549
368.377
338.685
363.391
371.112
364.222
320.508
255.004
198.898
127.441
98.520
-24.086
-119.448
-211.864
-245.802
-253.735
-288.549
-321.323
-309.160
-244.593
-165.233
-120.446
-79.194
-39.242
-39.696
-54.277
-27.954
39.076
96.587
198.204
211.666
218.995
263.269
336.056
382.400
355.564
371.550
383.352
389.774
369.359
334.227
303.584
267.486
229.663
199.987
193.836
195.574
165.988
103.038
66.366
53.975
60.517
43.805
-14.764
-42.807
-29.435
-37.292
-56.755
-58.644
-39.545
3.506
116.592
214.810
274.677
316.670
343.278
341.723
370.372
360.188
316.504
293.414
220.446
142.220
83.530
59.157
62.602
50.998
39.816
66.682
112.724
111.258
76.988
60.155
10.395
-3.944
-34.723
-46.722
-53.431
-62.013
-97.431
-119.795
-153.295
-202.918
-262.664
-313.648
-382.989
-397.269
-377.352
-354.824
-311.064
-253.009
-155.653
-44.818
65.081
136.387
118.692
72.561
68.783
74.676
99.471
60.910
62.633
46.736
23.935
-24.992
-70.974
-65.020
-87.550
-90.905
-104.775
-107.964
-82.336
-33.847
22.801
48.807
78.212
130.025
204.973
292.009
389.516
415.764
406.577
366.806
314.297
309.597
273.348
271.761
255.246
218.724
181.129
126.535
52.025
-22.635
-58.795
-63.600
-53.189
-30.568
-5.999
-39.060
-118.511
-213.979
-278.652
-334.651
-300.562
-293.158
-344.156
-382.943
-388.792
-328.834
-329.634
-297.540
-295.802
-297.525
-321.550
-335.210
-350.638
-351.182
-325.177
-287.687
-233.456
-153.326
-97.734
-59.535
-55.471
-76.006
-80.206
-68.813
-61.681
-94.107
-83.954
-116.259
-141.736
-146.284
-153.915
-138.759
-180.449
-161.848
-127.532
-113.902
-112.362
-109.551
-105.213
-120.853
-158.508
-167.922
-168.104
-163.162
-164.462
-142.627
-99.698
-37.987
-19.024
-39.196
-58.206
7.571
31.399
19.644
25.250
8.644
-11.257
-91.040
-127.563
-160.624
-188.382
-191.645
-193.973
-193.218
-181.809
-152.600
-121.563
-99.502
-77.184
-44.062
-16.999
-22.908
-13.177
21.639
46.374
61.182
75.659
37.216
-31.309
-101.406
-143.187
-135.556
-174.994
-170.174
-142.914
-104.700
-58.282
-41.871
-13.826
5.349
28.921
48.625
49.018
57.615
57.102
51.798
25.370
-1.284
3.793
21.593
18.466
34.345
37.761
22.061
10.789
15.533
54.231
9.324
8.689
38.214
84.090
109.898
104.458
99.865
115.610
155.304
182.172
211.955
240.467
252.329
252.087
236.629
216.124
191.540
145.196
82.125
