-3.725
-17.226
-17.630
-17.142
-16.163
-14.531
-13.158
-13.176
-14.260
-14.474
-13.713
-13.217
-12.538
-14.264
-17.014
-16.983
-18.742
-16.200
-16.277
-16.318
-8.652
-11.851
-9.706
-9.914
-5.382
-5.883
-15.013
-8.262
-10.694
-12.381
-14.635
-9.029
-9.156
-7.569
-5.204
-21.400
-16.826
-9.594
-16.090
-13.038
-10.596
-39.003
-18.803
7.579
3.533
27.177
18.727
-16.302
-13.301
-14.960
-19.458
-12.271
-4.543
22.010
44.987
-29.784
-13.058
-11.169
-6.891
22.640
-7.568
1.626
16.267
-12.899
-24.133
-44.342
-45.388
-27.587
15.306
-22.040
-16.277
26.302
-8.382
-43.412
29.568
57.945
4.590
1.350
24.688
22.165
-79.918
-17.395
-17.818
60.456
24.446
22.432
-36.155
-62.447
97.370
10.535
-64.940
-20.619
38.334
52.908
68.555
47.222
21.282
-79.814
-143.232
2.829
14.815
53.136
33.805
28.246
114.194
107.111
22.057
-34.126
15.663
5.184
-29.972
1.249
85.977
79.949
-25.525
-61.170
-128.271
-90.465
-140.090
12.438
25.963
51.296
45.952
103.141
-15.463
-31.237
-4.765
57.463
-50.513
-89.341
136.916
191.168
57.335
-90.967
-122.716
-69.889
-55.562
5.992
70.348
-6.420
7.487
-9.396
144.103
51.621
0.292
90.338
12.271
-63.149
104.680
40.127
77.427
51.839
47.565
13.913
39.279
101.334
76.303
76.839
49.371
48.293
92.250
76.211
139.854
80.257
-135.515
-75.095
14.694
28.823
-5.335
41.390
7.768
14.166
67.943
93.305
144.183
42.112
-144.034
-75.573
51.201
50.264
118.966
4.056
-7.007
-72.178
-161.231
-72.759
18.287
105.051
230.898
38.973
-98.146
-25.221
54.552
9.504
-68.722
-17.493
47.292
101.622
181.623
141.573
123.846
6.298
-38.330
168.402
322.868
272.496
105.186
-62.718
-138.485
-107.513
-2.126
72.035
-263.057
-134.397
34.854
-133.813
86.079
-3.119
74.261
-45.311
-1.261
177.031
99.982
348.342
-165.750
-117.448
136.074
200.206
66.017
-167.004
-115.345
-52.981
95.359
96.981
181.558
80.169
-14.460
-219.319
-197.442
-271.092
-93.235
185.481
336.636
70.636
-303.176
-233.352
-75.367
38.609
-50.580
37.357
177.100
-101.713
-132.775
95.491
233.168
-24.617
-127.181
-36.110
-4.321
178.890
24.072
-133.997
-360.290
-272.470
-256.612
-108.513
-7.456
-70.452
213.650
362.637
544.164
522.464
-9.358
-299.865
-52.143
9.482
-66.764
82.984
107.052
-25.870
0.657
104.627
67.243
116.546
-142.353
-126.849
-47.218
-15.657
268.008
371.811
231.424
-445.918
-578.471
-202.144
-263.208
-41.841
12.446
244.882
55.968
-210.604
-144.303
-53.802
249.272
119.252
76.797
292.939
343.003
244.550
-172.714
-239.880
-409.904
-213.980
-62.708
58.377
140.376
160.713
49.672
-100.167
-138.073
188.931
416.159
366.868
378.624
316.002
-183.684
-529.604
-746.334
-805.462
-509.324
-219.821
-67.241
189.738
483.736
799.669
664.031
328.015
-19.180
-214.259
-61.231
515.885
1087.324
953.743
793.491
571.827
385.948
711.236
1113.387
1159.735
514.726
-172.462
-536.353
-689.640
-480.334
-101.032
-58.045
-553.018
-1272.944
-1051.624
-267.310
252.592
152.175
-408.278
-744.576
-729.441
-768.517
-575.694
-487.482
-218.531
-73.027
56.339
2.322
-129.827
-347.746
-880.302
-1614.207
-1872.476
-1981.184
-1900.644
-1897.933
-1451.136
-676.396
-88.912
3.593
-49.338
271.531
791.592
909.569
373.306
-65.823
-472.255
-414.741
-23.320
140.044
-62.929
-503.378
-1033.104
-1473.666
-982.699
-305.141
-45.737
106.795
45.580
-255.111
-471.139
-71.635
417.909
439.598
82.233
114.972
631.499
1016.839
989.331
727.872
-42.506
-850.147
-1288.556
-1322.390
-868.548
-319.788
-89.477
-106.546
-188.667
81.185
644.302
1012.459
757.169
465.497
-147.271
-844.002
-650.270
781.943
1417.349
1073.740
-0.426
-581.027
-756.275
-680.856
-419.572
66.601
651.804
663.328
325.596
-6.846
-111.689
-38.465
154.756
63.073
331.520
1032.233
2008.504
3151.590
3646.467
3319.584
1711.473
70.570
-716.011
-541.141
-6.353
454.323
339.750
-638.497
-1422.218
-1627.889
-1302.816
-592.076
171.937
652.871
636.989
847.756
947.640
436.065
40.656
-406.481
-741.724
-607.966
-77.392
526.338
550.053
155.087
-428.896
-1128.598
-1151.558
-718.249
-249.599
352.239
397.919
270.799
480.513
687.480
728.994
830.628
684.269
174.544
-71.344
-210.277
-409.382
-297.035
-234.552
-209.331
-88.512
305.936
487.341
363.620
378.275
375.652
610.752
840.418
865.947
943.502
1241.841
1085.355
414.510
-73.832
-213.723
-322.054
-495.562
-725.334
-684.140
-455.419
-198.421
-331.110
-561.731
-683.089
-510.652
-50.127
436.179
440.831
688.679
959.802
675.042
291.711
153.428
35.976
-439.007
-898.091
-831.124
-261.488
358.310
448.246
544.343
625.597
448.758
519.157
504.241
270.285
-118.670
-461.239
-777.200
-1002.641
-890.792
-545.074
-206.383
41.051
101.397
167.496
277.633
220.824
504.934
1013.957
1185.933
995.127
606.433
-92.335
-809.455
-978.778
-712.511
-638.658
-696.980
-707.986
-833.566
-898.895
-1061.538
-1011.921
-813.859
-553.781
-224.851
-171.005
215.743
427.517
452.514
366.121
459.119
827.953
1066.863
1126.749
783.146
142.800
-270.687
-460.843
-789.014
-1012.692
-1039.889
-1194.880
-1268.653
-1098.458
-920.909
-1032.250
-1307.861
-1343.037
-1128.861
-562.585
168.084
867.771
1134.208
886.153
680.807
732.258
854.186
775.655
651.206
596.813
382.015
49.246
-252.345
-236.686
-57.488
6.408
-240.859
-549.652
-533.274
-140.294
201.077
385.944
206.932
-253.642
-553.252
-450.598
-130.413
89.110
163.899
-27.532
-174.473
-173.637
-1.650
353.585
604.681
741.187
646.416
245.241
-176.852
-336.806
-231.328
-167.388
-106.283
35.870
369.518
518.919
371.910
243.087
155.909
-65.003
-357.212
-436.016
-178.659
358.518
769.340
878.352
819.228
784.372
665.221
649.035
648.046
657.465
545.335
179.281
-118.232
-333.968
-476.415
-529.753
-285.471
88.853
308.770
497.615
647.097
703.118
596.038
226.161
-226.583
-541.069
-547.199
-287.641
-20.606
227.318
184.608
-14.804
-200.277
-329.678
-311.856
-243.008
-223.935
-254.448
-375.670
-233.421
71.933
225.702
349.132
318.276
220.410
-97.601
-222.005
-73.478
152.741
281.572
297.523
6.028
-378.186
-670.851
-823.196
-815.038
-749.861
-701.786
-814.271
-917.105
-664.862
-131.804
258.712
265.750
116.946
-33.932
-183.977
-214.621
-296.964
-478.746
-621.393
-683.636
-547.501
-217.103
150.601
435.710
468.775
377.229
213.888
85.836
-22.573
-247.695
-409.914
-407.564
-342.244
-166.468
24.951
339.798
524.335
461.382
128.293
-194.382
-247.600
-71.601
268.918
501.276
553.179
350.833
-135.482
-629.722
-676.472
-328.550
-17.487
185.454
302.327
393.504
538.739
515.397
455.586
418.670
435.290
469.825
379.346
123.370
28.511
-11.600
-70.154
-161.690
-180.108
-63.638
-39.287
-85.920
-164.628
-150.393
-41.731
92.868
175.038
236.579
301.575
264.819
131.098
-126.016
-472.174
-654.764
-362.520
48.979
325.104
454.768
324.047
40.764
-149.448
-135.951
-15.992
91.483
179.699
273.600
238.307
138.842
-68.686
-246.943
-264.893
-70.752
-33.377
-84.269
-122.150
-114.609
83.441
427.385
728.643
793.024
669.291
508.957
420.426
269.159
73.263
-167.229
-461.998
-660.394
-621.109
-361.696
-181.403
-104.661
-100.447
-124.150
-138.991
-55.882
43.926
215.023
325.761
457.238
621.089
758.931
772.220
666.384
486.662
285.289
-18.870
-281.635
-562.542
-784.413
-849.111
-668.226
-317.644
-53.347
21.692
95.508
203.888
397.296
476.245
442.063
404.041
342.020
130.223
-170.611
-350.676
-388.936
-377.231
-340.188
-226.616
-199.814
-229.146
-178.318
31.065
228.223
326.528
250.021
187.119
186.195
128.705
-47.098
-172.421
-170.727
-198.876
-168.947
-169.444
-134.407
-127.004
-196.581
-254.340
-244.868
-191.717
-240.810
-279.526
-338.576
-439.009
-471.953
-474.999
-417.884
-326.347
-178.631
-55.091
17.746
17.824
-101.112
-160.921
-165.937
-185.397
-104.547
75.956
185.658
137.145
60.085
10.565
-24.558
-73.376
-120.494
-33.830
130.829
210.971
172.402
136.076
44.623
65.509
-36.512
-66.111
42.494
111.414
16.902
-86.642
-84.506
-93.827
-182.119
-342.299
-323.168
-346.988
-358.030
-384.736
-378.163
-336.659
-269.116
-291.786
-178.969
-14.247
18.252
-4.976
-90.606
-293.321
-375.430
-431.238
-452.326
-474.371
-477.765
-333.735
-282.045
-259.167
-167.667
-89.471
21.020
62.873
74.593
120.488
121.779
164.546
234.968
372.626
509.590
616.999
583.418
414.588
306.611
283.920
262.520
311.318
362.551
288.696
103.127
-81.997
-153.973
-122.352
51.700
245.507
327.399
301.191
233.407
114.821
-58.504
-202.440
-273.571
-235.470
-161.698
-153.781
-214.884
-267.745
-181.491
-60.505
17.299
-20.678
-45.613
-49.697
20.176
118.462
233.099
376.052
468.932
447.565
375.962
343.844
251.286
153.575
61.543
-8.846
-150.340
-304.961
-419.251
-478.528
-475.319
-453.587
-311.208
-43.920
249.044
467.806
531.814
517.085
375.870
169.434
-32.226
-139.733
-94.169
-50.232
-55.279
-87.670
-147.269
-112.385
66.768
265.346
384.402
429.953
420.084
397.052
350.411
276.680
199.886
122.497
-16.116
-107.542
-171.290
-228.248
-141.045
11.496
150.089
244.107
316.348
293.975
192.093
84.557
8.081
-42.634
-58.606
-55.835
41.184
150.525
203.688
155.886
85.718
21.296
-60.119
-85.620
-36.820
-6.440
29.927
40.570
-41.480
-109.341
-179.702
-249.346
-337.485
-334.651
-161.494
-10.361
79.736
126.100
152.333
156.276
121.736
112.456
122.077
128.862
155.115
167.614
180.083
224.694
259.144
235.331
141.425
41.927
-111.110
-319.829
-454.988
-534.816
-508.357
-411.132
-276.005
-128.685
19.692
128.797
113.664
39.962
-30.515
-78.333
-122.438
-165.884
-200.353
-186.719
-177.576
-138.454
-73.429
-25.135
64.238
225.337
362.859
427.742
434.480
495.367
538.627
531.340
495.976
451.957
417.195
300.489
149.840
35.396
-51.910
-97.162
-114.207
-106.167
-104.639
-112.415
-81.634
-50.695
-38.367
-18.717
25.076
59.611
29.996
-37.728
-155.297
-221.987
-199.726
-153.104
-115.761
-74.965
-32.524
36.419
74.540
139.168
190.614
190.049
137.116
75.071
-23.364
-130.947
-198.462
-210.169
-189.073
-138.397
-45.970
55.935
105.528
97.511
55.046
33.322
-28.285
5.127
25.741
49.460
108.523
140.109
109.886
45.854
-21.702
-41.851
-43.395
-23.997
-0.161
2.685
-20.574
-50.078
-61.121
-60.307
-73.718
-77.747
-68.539
-97.982
-149.150
-212.985
-255.831
-299.532
-304.312
-294.675
-288.708
-299.416
-275.689
-208.739
-191.517
-209.529
-225.219
-234.527
-210.106
-166.154
-102.491
-17.214
40.672
85.689
88.082
84.622
87.136
90.463
79.051
61.323
7.173
-53.765
-137.328
-166.076
-190.120
-164.099
-108.078
-69.828
-45.639
-64.993
-100.104
-103.297
-50.191
11.873
68.704
124.417
169.157
210.188
253.093
286.886
301.789
304.069
276.635
230.406
183.282
157.159
144.446
138.548
182.688
201.838
163.051
137.394
119.888
127.461
89.402
72.592
59.563
44.113
9.174
-37.141
-90.310
-114.968
-125.339
-120.863
-85.850
-45.713
-10.129
23.672
38.306
14.445
21.606
55.603
51.970
78.510
43.773
-12.644
-64.242
-68.853
-21.914
-31.947
-20.357
17.203
66.509
119.511
145.044
177.633
146.229
122.552
41.308
-11.695
-59.971
-81.421
-91.458
-92.642
-67.541
-33.411
0.902
-1.485
58.012
78.451
98.837
132.320
149.113
157.088
114.231
81.848
60.285
53.416
55.105
34.874
9.284
-28.650
-39.811
-57.798
-15.527
5.094
54.997
73.561
66.342
26.192
-28.181
-68.873
-87.266
-50.274
-21.630
9.649
32.904
48.726
71.695
48.797
8.493
-47.675
-110.479
-175.842
-230.394
-287.292
-321.989
-341.359
-339.474
-312.585
-306.764
-287.672
-237.807
-196.736
-164.709
-124.849
-141.596
-187.303
-188.057
-215.265
-218.586
-227.879
-249.878
-256.551
-275.336
-297.556
-305.973
-283.094
-281.407
-259.966
-249.570
-261.967
-268.432
-244.038
-208.678
-167.447
-129.025
-98.352
-65.848
-51.835
-71.240
-60.864
-67.706
-48.922
-20.041
23.774
50.684
58.330
87.623
92.125
104.025
86.893
76.658
109.772
122.140
134.588
152.761
190.801
171.688
133.083
97.066
55.972
41.007
36.814
70.679
134.817
216.767
256.133
339.082
382.172
402.329
410.173
384.049
342.716
273.171
182.886
111.710
37.245
-18.587
-55.931
-121.151
-190.020
-218.540
-185.797
-95.783
8.321
118.840
176.868
209.871
209.215
166.341
100.381
7.240
-49.417
-112.497
-156.441
-173.775
-206.658
-236.237
-287.937
-343.964
-329.978
-269.034
-192.935
-87.945
-11.865
39.481
34.211
40.972
39.450
74.426
87.064
116.973
146.931
164.103
168.292
145.088
98.378
104.090
65.676
43.277
75.001
92.021
110.322
65.838
79.618
92.542
124.670
151.939
171.919
186.619
178.667
111.983
62.531
5.657
-45.021
-101.016
-132.493
-149.838
-145.431
-109.717
-85.216
-72.480
-19.213
-5.749
10.831
21.532
53.877
126.757
160.742
154.052
151.043
133.989
87.384
22.306
-20.192
-67.425
-90.373
-55.821
8.023
64.040
