10.565
-12.599
-12.436
-11.151
-9.855
-8.870
-9.847
-10.935
-11.714
-10.945
-8.890
-6.506
-6.875
-8.232
-9.570
-6.510
-3.952
-6.483
-4.580
-7.320
-9.741
-10.153
-5.396
-6.295
-2.348
-5.333
-13.809
-4.282
-5.539
-7.111
-8.095
-25.376
-22.353
-15.771
5.728
15.049
4.190
-15.704
-14.452
-6.365
1.193
4.429
8.030
-4.961
5.539
5.055
-10.796
-13.664
-11.434
-14.651
23.328
-8.152
31.786
-12.538
-6.579
5.196
-5.679
-42.257
-26.035
-6.781
-27.752
10.339
42.500
-28.318
-39.789
-38.479
-5.235
21.235
13.493
52.582
17.746
-65.124
6.167
112.575
51.863
27.240
-33.564
-50.407
-20.243
18.015
29.144
34.640
-6.785
-32.577
-2.071
-44.827
56.396
-29.939
-4.321
-38.510
-35.325
37.108
85.530
63.916
-14.352
-36.045
-120.578
20.945
67.476
19.448
-0.249
-120.247
-4.070
225.671
151.845
-1.583
-12.597
-134.633
-58.849
78.284
-11.185
-34.274
-64.008
39.776
22.944
-12.691
-67.682
-44.317
-70.287
-89.326
-67.286
-26.777
147.577
168.914
25.390
-175.509
-121.453
-56.968
114.776
107.330
79.008
61.872
-64.000
-86.917
-53.169
81.807
139.821
58.826
-93.806
-153.251
10.180
42.459
131.265
65.846
-205.920
-134.692
-92.933
48.581
125.959
-47.945
-154.067
-19.160
51.290
62.845
72.378
89.904
-14.396
-122.440
-134.315
-67.588
79.147
116.671
47.579
36.386
-41.221
-58.938
-139.993
-167.616
-116.797
196.785
371.215
173.814
-18.387
-195.881
-221.163
-37.232
83.739
298.835
205.341
5.628
-116.602
-13.138
27.877
191.621
51.996
-91.730
-214.005
-179.857
110.135
241.796
180.638
124.974
11.442
-352.963
-215.859
23.717
68.416
86.352
230.537
228.489
95.922
-184.151
-360.278
9.001
272.529
116.037
25.204
-82.845
-175.483
-280.181
-186.501
289.243
162.818
-46.690
41.553
-384.914
-202.752
41.070
-48.561
346.977
164.587
141.663
-56.945
19.656
18.848
5.796
-56.537
36.778
282.982
-256.107
-120.635
-148.134
58.183
135.872
43.034
-131.547
-76.254
-24.425
66.715
317.956
296.144
27.771
-50.225
72.137
136.259
-9.572
-260.719
-315.998
-272.392
-265.433
175.393
-9.539
155.741
142.108
-65.026
-189.422
-210.834
-174.006
87.880
313.321
-95.275
-223.923
-269.091
-202.150
179.718
-119.358
158.291
240.121
210.965
325.006
430.033
148.593
-219.888
-143.538
-433.079
43.538
-222.128
-252.347
222.824
432.666
520.314
280.193
-430.316
-406.929
106.365
218.091
367.382
195.332
30.968
-300.357
-137.940
-129.313
-51.431
277.194
-122.189
-538.729
-701.009
-618.029
281.952
258.852
268.618
-95.750
-176.397
-24.970
59.181
39.903
-2.577
126.565
200.771
153.387
75.307
26.830
35.768
-248.018
-111.324
-7.632
100.212
279.175
412.874
210.796
-175.040
-279.793
-33.140
166.700
163.426
-82.137
373.757
637.154
563.750
211.426
294.259
278.639
281.401
-152.112
-428.425
-201.746
255.617
774.884
558.097
348.411
604.067
-53.363
-481.729
-572.530
40.452
276.239
-319.000
-261.151
-638.546
-560.166
122.148
163.861
-40.515
308.305
992.753
1521.502
1405.692
854.121
346.569
-348.968
-646.432
-209.243
368.553
957.460
856.122
323.378
-246.200
-394.593
-0.775
868.966
961.524
244.497
-386.854
-1068.717
-1369.726
-662.871
846.989
1669.963
1590.328
1290.812
609.671
-480.091
-908.534
-944.125
3.811
810.234
1063.486
937.756
1010.733
1096.076
798.100
-59.093
-566.814
-500.020
-377.027
-628.215
-799.728
-532.066
-96.560
283.724
341.118
257.494
-39.834
-566.769
-1064.180
-1221.380
-1344.826
-1527.463
-1520.423
-757.175
149.836
462.987
89.730
-697.916
-1014.014
-1017.612
-1250.663
-1533.742
-1527.463
-1334.014
-1143.227
-938.455
-850.763
-799.681
-795.466
-1130.346
-1505.294
-1605.830
-1153.329
-469.134
123.515
507.929
522.450
311.640
39.678
-147.536
-190.257
-384.416
-715.226
-921.034
-1016.121
-81.224
723.670
483.967
141.780
-751.869
-782.753
-35.392
1167.603
2209.912
2603.402
2205.518
1244.655
813.076
562.932
109.661
-188.510
215.977
410.755
-133.774
-691.562
-592.141
-275.230
-422.960
-623.400
-1006.908
-1233.047
-1078.719
-745.288
-206.344
-434.321
-742.954
-843.600
-86.491
520.498
521.924
343.807
333.462
431.852
1029.259
1211.784
822.623
439.221
-162.943
-245.364
-122.130
-108.729
-169.483
154.395
368.922
336.445
233.832
91.593
209.643
766.069
987.779
743.393
221.842
-12.361
164.395
290.144
376.745
480.068
787.484
622.301
152.457
19.374
-79.524
-321.728
-239.550
-123.550
-333.556
-436.518
-359.030
-189.714
38.879
409.639
490.440
111.271
-124.003
-96.022
-60.578
-51.592
96.210
381.362
565.133
205.569
7.254
209.164
346.677
272.708
452.208
793.145
920.687
444.970
-102.344
-404.796
-327.330
214.268
430.696
54.758
-513.525
-837.780
-430.688
-81.689
122.548
314.769
499.098
740.698
657.355
489.520
110.900
-30.386
279.032
287.558
16.718
-180.207
-440.686
-249.521
-45.905
86.381
221.644
287.862
244.303
74.959
-137.912
-353.667
-623.549
-950.312
-1103.938
-872.091
-634.782
-413.251
-307.768
21.271
523.086
782.094
860.830
494.440
-103.121
-329.908
-287.362
-62.415
106.828
169.234
214.896
195.285
-60.642
-360.246
-435.612
-687.076
-761.071
-691.564
-569.260
-564.429
-739.376
-717.215
-425.247
78.761
709.734
1029.061
1201.139
1269.259
1270.043
1313.520
1538.777
1752.406
1789.065
1661.199
1250.556
651.014
26.792
-425.077
-884.156
-1218.761
-1065.035
-693.585
-353.693
62.667
-3.827
-413.180
-776.735
-1058.078
-1278.419
-938.200
90.981
1062.880
1321.000
1122.551
709.567
221.887
-195.300
-420.598
-487.190
-569.780
-407.172
-74.671
169.687
144.056
-100.012
-352.243
-288.429
-212.678
-310.300
-342.277
-249.986
-208.713
-428.835
-645.810
-694.795
-824.594
-923.184
-936.148
-933.982
-868.632
-486.129
-217.152
-98.827
-62.447
-14.823
157.594
433.752
641.273
672.581
463.781
7.163
-381.021
-611.581
-742.972
-713.557
-537.230
-639.070
-991.745
-1105.758
-1085.253
-1022.747
-867.575
-612.666
-338.332
-93.378
70.556
170.301
277.151
327.287
199.253
8.888
-154.026
-337.767
-336.538
-373.281
-460.050
-545.257
-440.569
-51.225
627.476
1107.726
1299.015
1356.774
1336.299
1153.833
830.712
531.506
208.760
-35.817
-270.064
-469.348
-599.057
-611.921
-377.112
-168.745
-32.928
111.493
137.985
-62.533
-293.827
-421.240
-334.474
-198.688
-48.008
-70.991
-259.154
-355.980
-207.242
43.452
230.516
267.269
271.462
326.667
411.077
470.925
502.223
414.633
274.813
295.301
373.002
372.920
502.125
608.808
777.687
991.716
1077.236
836.517
341.971
67.453
-40.956
87.280
437.819
672.147
646.159
277.437
-129.450
-292.943
-347.936
-405.116
-266.015
22.350
195.424
256.192
197.029
127.734
82.503
69.695
185.026
391.715
577.479
626.707
526.966
407.713
288.814
204.096
128.699
59.826
91.876
87.152
136.157
101.575
44.721
107.595
223.976
259.570
76.493
-190.312
-482.000
-624.832
-602.919
-438.370
-252.742
-134.978
10.478
142.400
247.973
301.479
220.198
26.785
-19.974
158.136
358.381
421.850
390.001
228.107
35.643
-68.888
7.232
185.915
258.169
180.061
1.332
-182.768
-194.288
-136.794
-111.536
-114.751
-189.559
-174.583
-174.763
-255.466
-359.389
-297.815
-101.393
-75.779
-69.310
-44.081
-10.139
-6.261
177.280
476.784
701.362
705.154
458.873
135.692
-110.965
-151.941
-89.288
76.995
171.621
195.393
46.941
-220.453
-526.191
-687.871
-637.383
-466.786
-290.246
-228.599
-179.952
-83.933
-74.549
42.263
151.000
306.061
502.376
560.164
526.693
410.907
274.528
144.305
-10.967
-177.390
-247.251
-141.982
-57.692
-141.480
-244.197
-357.347
-529.578
-664.584
-661.612
-402.966
-162.337
-75.418
-171.817
-276.013
-197.087
-151.400
-158.714
-268.838
-261.731
-169.151
-6.206
161.241
296.348
408.207
382.973
417.087
457.816
473.593
402.837
189.881
-105.830
-269.897
-234.811
0.814
272.204
375.179
386.646
445.282
486.700
511.101
504.279
403.312
286.183
194.675
73.743
21.942
-0.447
-98.600
-249.172
-393.594
-408.959
-268.236
-131.135
-123.889
-108.060
-163.218
-333.185
-518.254
-390.711
-119.119
42.565
104.521
14.335
-165.303
-223.303
-22.867
291.048
600.564
482.437
-8.303
-283.135
-252.908
-59.799
-19.462
18.654
61.700
115.790
153.187
236.018
258.987
257.649
230.368
180.789
245.747
140.737
-163.314
-292.603
-384.758
-490.020
-420.133
-114.288
133.766
165.130
144.634
17.436
-195.181
-318.682
-284.090
-219.043
-234.599
-289.973
-333.950
-360.527
-374.724
-382.816
-357.473
-264.197
-182.878
-166.664
-240.341
-407.619
-567.944
-668.409
-676.537
-538.305
-327.483
-169.569
-54.448
9.217
93.590
172.810
333.656
496.352
564.795
588.390
556.180
470.380
347.610
188.349
-21.414
-253.832
-403.031
-487.023
-455.519
-264.209
-94.788
63.702
88.818
-12.040
-120.447
-173.632
-171.388
-145.909
-64.465
41.539
145.549
159.924
154.711
116.616
-2.819
-149.197
-271.190
-271.600
-131.194
-27.110
68.710
105.500
72.929
76.230
161.247
216.801
150.796
-13.013
-244.278
-430.049
-591.751
-662.359
-662.085
-606.513
-434.311
-235.900
-52.708
96.540
187.588
188.066
141.235
136.543
113.703
163.073
245.115
371.160
425.526
379.501
281.307
188.937
87.701
-5.020
-47.912
-60.721
46.892
97.289
84.282
34.625
-0.534
14.523
58.600
68.906
-12.418
-103.535
-175.450
-247.224
-320.004
-383.526
-402.076
-384.599
-350.984
-310.428
-232.177
-208.811
-156.417
-108.582
-135.890
-193.372
-256.586
-196.428
-96.018
5.990
100.592
202.784
257.384
274.516
186.317
35.447
-93.129
-128.813
-87.140
-3.533
60.001
86.856
79.457
47.563
40.354
78.066
127.240
207.277
245.245
173.606
95.932
17.220
28.925
63.133
107.595
124.448
92.117
67.755
55.686
107.146
222.711
324.060
353.679
313.388
216.956
107.138
1.499
-18.297
-53.145
-145.499
-216.336
-238.709
-185.815
-80.834
35.119
97.109
70.163
14.250
-95.489
-222.538
-270.593
-253.383
-202.587
-190.758
-187.927
-132.334
-81.695
-52.343
-18.583
7.071
5.055
-13.691
-29.813
-67.400
-124.976
-243.052
-345.041
-382.188
-381.523
-333.521
-245.696
-152.512
-35.876
28.338
32.559
33.073
18.124
35.264
78.013
121.938
168.683
218.260
246.563
278.212
301.116
314.062
331.528
329.919
338.544
334.511
238.830
111.653
-16.496
-117.617
-158.875
-161.556
-171.362
-125.019
-35.715
91.244
225.061
281.401
330.981
336.010
294.777
199.271
120.908
26.176
-72.331
-117.515
-117.285
-89.377
-71.970
-41.590
-2.711
43.548
116.165
213.709
307.760
350.490
337.740
276.362
227.771
154.436
82.517
60.727
54.318
68.120
121.983
160.742
158.398
110.771
76.758
54.016
100.863
142.724
211.830
293.977
304.384
304.608
291.381
296.142
314.031
310.163
289.512
223.366
171.325
149.409
150.276
193.712
222.108
217.079
191.411
125.180
81.691
83.053
125.192
158.473
191.438
229.437
236.074
217.785
191.829
157.323
157.531
174.789
226.573
270.574
275.271
254.452
204.386
176.823
164.993
126.084
89.361
56.354
18.293
-35.541
-107.968
-192.327
-264.736
-308.861
-250.137
-154.836
-69.426
-24.238
-35.209
-39.048
-21.416
-9.978
-13.436
-32.267
-34.960
-24.492
-11.047
11.848
-0.018
-38.308
-109.619
-200.689
-218.641
-259.756
-266.835
-315.796
-345.853
-349.786
-347.147
-344.156
-335.325
-302.990
-264.942
-201.571
-180.189
-196.709
-210.767
-218.876
-228.415
-265.593
-300.887
-306.063
-262.261
-230.227
-198.482
-192.641
-161.101
-135.356
-102.760
-81.723
-109.786
-124.048
-157.378
-196.309
-215.049
-195.026
-102.719
11.126
122.183
187.988
198.792
168.991
89.055
21.771
-52.686
-138.903
-192.935
-246.765
-273.351
-222.148
-164.250
-94.155
-30.019
-3.650
-10.639
-28.189
-28.558
-14.184
-10.212
-59.448
-118.850
-199.104
-242.177
-217.807
-135.043
-25.217
40.476
88.763
88.153
49.395
15.380
-2.034
-5.092
22.426
91.571
124.543
101.787
50.558
19.896
-14.741
-58.481
-74.202
-62.211
-38.014
-8.678
10.777
16.869
17.226
61.390
122.783
196.750
263.914
303.812
323.323
339.129
325.484
296.487
246.959
156.478
82.288
20.516
-27.750
-25.194
-22.759
-7.395
-15.582
-19.437
-55.534
-57.845
-34.070
30.776
125.196
214.445
274.718
291.840
284.581
256.931
194.700
128.956
56.158
29.127
22.402
18.409
-18.352
-36.737
-70.611
-97.089
-93.776
-95.808
-96.907
-101.815
-122.473
-112.748
-56.890
3.127
56.758
106.962
129.384
143.671
130.504
109.900
82.129
56.474
3.301
-19.219
-28.903
-14.937
-14.919
-34.793
-23.050
-62.882
-89.584
-138.428
-188.820
-209.043
-241.327
-233.317
-197.258
-161.627
-133.283
-101.254
-62.337
4.033
53.304
74.901
89.775
85.234
54.203
25.119
-15.627
-0.555
17.840
20.698
1.338
-7.795
-6.822
30.708
93.423
171.246
219.249
238.383
217.432
159.601
56.676
-34.217
-94.425
-121.979
-124.313
-123.246
-146.314
-174.575
-212.976
-232.146
-249.868
-243.318
-217.175
-156.035
-97.997
-39.676
30.853
120.616
166.909
176.101
153.167
109.564
67.049
13.307
-33.711
-79.473
-112.864
