135.916
-4.236
-9.793
-15.684
-20.634
-21.846
-18.664
-9.334
-1.261
0.196
-6.134
-12.079
-18.835
-26.942
-29.140
-23.849
-16.943
-9.896
-4.120
-4.201
-5.490
-7.927
-9.984
-10.387
-11.555
-6.872
-3.366
-0.516
-0.157
3.461
-1.674
-0.459
-6.061
-11.842
-17.539
-19.364
5.592
-0.545
-1.974
-21.766
-22.082
-34.387
-35.351
-12.931
6.285
9.442
7.103
-2.028
7.544
14.399
18.430
-3.549
5.833
-23.879
-9.035
3.818
16.743
9.487
58.639
12.365
-8.898
-59.719
-50.679
-1.786
-28.223
40.015
15.849
11.781
19.685
-17.380
38.114
-26.247
2.482
-8.486
6.125
15.836
71.944
92.926
86.986
-17.788
28.427
-21.884
-87.509
12.167
53.977
257.019
111.369
45.294
-81.061
-94.880
-114.473
-53.882
143.360
98.090
-125.258
-215.638
-114.442
20.784
167.997
118.833
81.297
-66.184
-141.935
-55.462
116.993
135.745
247.212
320.709
59.306
-126.995
-184.888
-39.705
134.685
20.644
99.144
-146.698
-160.649
-217.755
-90.324
0.755
-187.863
-159.877
-183.468
-212.808
-162.561
-22.861
-43.172
90.064
-12.987
175.885
157.598
10.062
-38.551
127.444
298.625
360.857
263.702
-54.822
-163.314
-61.607
-63.021
-124.661
-46.551
-268.387
-271.650
-127.434
-124.715
-164.732
-145.476
-225.110
-308.407
-173.737
31.668
171.232
290.838
107.275
0.891
-96.026
-164.965
-448.889
-702.986
-437.289
306.465
634.802
332.034
-221.214
-1084.333
-994.433
-222.902
832.832
511.195
467.416
10.029
-69.342
407.547
502.842
46.556
-613.308
-656.493
-934.626
-773.161
-775.560
-1148.540
-984.440
-713.836
-511.729
-366.632
-513.561
-611.683
459.985
2102.077
3066.966
3159.389
2305.850
597.590
-408.285
-118.379
327.312
238.202
-811.727
-1859.741
-1515.174
-460.135
-203.126
-48.221
323.518
144.047
-532.722
-418.982
103.177
45.990
3.457
640.394
611.568
-705.965
-1646.206
-1290.034
-938.261
425.247
2343.844
2393.679
1631.321
815.825
289.712
-180.924
-15.395
557.237
886.312
409.660
-637.958
-2212.742
-2022.349
-2069.501
-1358.732
134.678
1696.351
1989.852
2257.882
2373.362
1460.571
526.476
-1287.414
-2279.148
-1956.713
135.455
1783.884
2556.046
1743.561
486.472
-623.380
-1215.404
-1256.495
-844.513
-64.193
650.873
-0.691
-954.554
-1327.976
-1678.873
-2162.207
-1815.000
-697.517
531.108
1584.703
2900.441
2877.752
1348.141
-371.102
-637.536
174.818
831.027
919.162
1307.291
1419.848
1616.604
1091.190
-328.171
-1937.943
-1499.996
451.255
1421.294
1628.676
1149.525
323.051
-552.829
-937.583
-311.794
902.437
1926.855
1561.753
246.038
-796.721
-1685.960
-1265.330
-633.429
-358.462
143.390
218.255
1239.494
2394.803
2306.964
-139.066
-1145.161
-694.547
404.159
1218.342
448.799
-1958.751
-3384.210
-3871.180
-3869.966
-3711.163
-3226.150
-1769.156
384.505
1496.768
405.420
-61.490
222.295
967.211
2127.005
2697.682
1087.744
-1829.400
-2987.328
-1716.635
-72.731
1445.320
1716.931
393.157
-1471.941
-2053.019
-411.296
1871.740
2484.838
1824.844
-67.910
-1181.392
-1101.747
45.581
337.837
-954.866
-2064.253
-1401.517
-434.043
-121.442
194.715
1847.791
3017.227
2469.755
1871.389
1173.682
1345.373
1609.564
1540.764
1637.562
694.508
-1541.879
-2874.067
-1990.448
-612.686
-163.833
870.736
2008.846
2014.144
598.524
-159.690
-339.227
-593.081
-459.136
118.629
867.975
1055.999
837.853
836.668
787.620
421.018
420.441
-1238.500
-1518.508
-1415.957
-1359.137
-1582.714
-1334.160
-1038.294
-569.799
133.892
-60.561
-975.349
-1670.617
-1467.927
-1330.641
-1011.462
-756.928
-680.579
-1038.367
-1180.180
-557.827
-386.187
-744.267
-602.516
369.365
1165.596
1411.671
1120.381
-192.223
-1468.147
-1814.517
-927.114
166.050
1318.086
2558.405
2947.490
1880.756
770.933
-476.863
-937.742
-589.553
-383.403
-290.138
250.268
731.336
520.390
126.618
-171.882
-1260.317
-1786.725
-1123.364
-799.810
-946.685
-558.238
-486.492
-635.295
-438.735
200.092
791.182
1498.395
1959.064
1409.297
1054.434
1073.826
1525.871
1102.115
-113.556
-1181.869
-966.761
-272.604
334.180
248.189
-704.232
-1140.826
-327.838
142.773
-390.301
-1205.052
-1037.767
28.619
1293.211
1763.194
1251.342
-118.898
-1394.356
-1324.201
359.500
933.526
647.249
654.539
733.585
440.930
27.125
-432.722
-1224.114
-1117.754
-751.212
-580.027
-956.417
-1141.076
-540.944
-33.649
216.352
274.306
104.602
352.847
731.105
860.680
855.853
865.572
547.786
430.995
173.365
-92.438
-953.684
-1426.117
-1468.166
-578.493
383.620
944.843
1144.171
268.189
-299.511
-464.338
-370.640
-644.046
-711.257
-921.420
-794.800
-70.414
-115.325
-196.153
264.330
539.917
830.342
1239.370
705.980
88.002
-22.803
-459.941
-819.198
-562.994
-310.878
-357.971
253.391
1585.968
1413.522
557.247
271.625
241.687
-290.599
-972.620
-1536.557
-1893.943
-1966.568
-1224.278
-72.482
383.964
604.483
1119.092
1233.608
1637.401
1978.826
1745.806
562.260
-125.793
242.829
403.274
-149.126
-1005.184
-721.347
146.459
651.004
1000.055
1036.053
-399.071
-1860.397
-1945.872
-1654.111
-2153.624
-2280.335
-1457.825
-248.877
166.443
-336.578
-1270.950
-1229.923
333.842
627.433
244.973
95.016
244.598
3.566
-242.696
-232.993
505.350
1429.625
2100.168
1819.521
950.875
241.889
-59.317
-175.141
-633.474
-668.348
378.278
1030.286
606.308
45.056
173.576
51.250
-208.238
-67.039
-559.077
-1514.580
-1012.073
823.296
495.684
-38.080
262.523
919.345
1365.613
1519.155
1425.962
1300.924
913.476
-495.706
-1451.361
-1207.467
-714.944
-23.152
683.015
733.004
445.760
159.571
-40.600
327.117
982.443
987.141
592.119
449.634
325.967
182.374
257.467
121.332
-580.694
-1184.480
-1004.854
-523.390
-660.264
-636.003
-290.367
370.771
355.079
27.926
15.120
300.913
869.535
779.297
235.359
331.485
375.106
-435.987
-1199.524
-661.140
588.197
1058.104
1202.563
1309.482
1071.936
475.464
1.321
-503.643
-970.584
-1226.060
-1087.073
-670.717
-261.442
468.544
470.632
-259.966
-270.882
942.957
1909.637
1813.433
1164.483
1071.290
1091.434
561.649
-100.229
-277.132
210.164
786.246
1108.111
634.284
103.701
433.869
636.322
121.745
-503.094
-912.333
-876.874
-267.914
-13.630
206.605
465.249
557.099
333.136
-141.019
-566.875
-300.260
-69.109
-421.698
-530.396
-752.238
-769.751
-640.288
-601.744
-799.341
-775.987
-498.637
-179.389
128.555
194.815
-120.833
-522.047
-664.757
-633.808
-346.935
88.305
180.601
19.928
-184.897
-688.417
-980.736
-639.385
87.190
324.863
302.165
-18.785
-199.976
72.723
51.166
-607.036
-1219.803
-1406.133
-902.449
-121.723
222.947
-174.527
-756.323
-888.810
-221.735
605.484
427.808
-152.172
147.869
947.217
1252.373
874.315
559.184
344.481
169.435
241.997
123.060
-97.201
-72.691
231.696
532.072
901.956
957.937
505.372
-255.840
-748.862
-763.803
-227.154
141.288
22.474
-325.405
-174.344
246.168
110.997
-218.569
-293.235
-309.414
-209.657
-28.858
-319.881
-938.102
-1195.508
-951.071
-531.196
-361.596
-158.784
202.023
355.718
450.809
565.833
749.520
791.158
752.673
676.614
633.014
644.912
523.840
206.004
-338.620
-840.139
-999.755
-741.501
-537.701
-333.915
18.503
86.788
-265.854
-400.287
-619.851
-742.071
-437.495
130.552
425.748
304.574
135.106
-15.647
-109.359
-101.925
34.133
418.904
819.081
924.575
571.487
-81.127
-123.333
183.194
9.748
-504.853
-623.148
-512.502
-579.581
-469.317
-469.315
-524.774
-107.349
204.711
360.984
657.528
880.085
768.510
483.595
203.443
-113.579
-228.048
-435.477
-495.462
-221.042
237.320
475.786
359.334
70.390
-2.884
-80.568
91.148
485.738
621.654
351.874
83.809
0.099
-141.852
-100.485
-119.528
-325.334
-594.484
-918.312
-1074.613
-941.341
-627.702
-358.553
-140.991
-28.970
-92.776
-205.143
-405.162
-429.517
-220.138
-126.805
-171.762
-140.437
-211.368
-235.066
-91.609
315.858
707.749
900.110
417.865
-218.763
-335.310
-37.465
44.272
-106.787
-262.038
-196.426
-15.124
181.613
163.930
-181.673
-3.013
463.540
561.487
214.910
-288.049
-698.705
-779.932
-821.492
-830.551
-776.650
-540.017
-334.514
-279.007
-205.888
92.091
536.056
637.652
467.817
521.154
663.938
696.189
438.483
-7.249
-117.768
97.282
239.467
309.857
218.121
-21.732
-191.463
-241.211
-337.150
-373.620
-314.937
-332.566
-298.818
-169.127
-55.569
-149.544
-134.575
152.858
494.565
643.431
646.679
601.164
433.518
489.255
622.121
587.256
443.832
248.529
-30.541
-50.438
108.608
235.522
317.378
457.027
607.499
514.094
212.220
-38.661
-107.254
-60.526
-28.363
-56.975
-61.736
-35.655
-54.405
-79.875
-111.031
-126.220
-151.337
-134.839
-116.513
-141.423
-223.608
-278.762
-203.800
-44.956
31.175
-1.386
-50.458
-103.700
-199.778
-240.242
-264.948
-343.050
-358.503
-227.473
-37.973
67.839
103.791
236.926
258.145
146.115
142.254
242.322
250.007
142.101
-114.404
-214.605
-107.923
7.137
95.772
61.169
-26.906
72.824
303.480
459.474
419.864
273.387
142.317
69.740
149.929
340.228
503.415
499.173
263.765
-22.674
-102.908
-54.993
-65.429
-171.714
-284.465
-241.964
-124.113
-81.263
-186.655
-240.350
-132.986
91.947
253.856
148.758
-86.020
-73.554
128.348
369.215
465.064
437.054
260.960
128.492
163.232
290.879
374.978
350.578
301.492
351.594
408.859
369.729
275.228
358.298
419.376
391.910
283.494
196.360
209.964
301.203
364.118
380.135
406.641
400.941
305.729
167.954
63.083
-3.771
-84.909
-306.580
-540.300
-523.317
-379.401
-211.337
-46.412
54.642
45.264
-80.850
-183.332
-166.659
-14.941
185.629
322.818
252.203
30.519
-25.405
37.249
65.063
76.661
58.380
-57.616
-270.337
-545.098
-721.119
-795.039
-791.793
-737.758
-663.632
-532.765
-403.234
-269.956
-154.657
-127.657
-137.185
-89.883
-22.571
26.781
85.981
153.939
87.442
13.678
30.694
46.567
-56.460
-192.322
-367.614
-478.365
-510.186
-590.321
-672.553
-639.234
-531.696
-385.525
-160.634
-64.708
-62.710
-46.609
-19.676
1.715
18.165
-18.677
-94.629
-210.939
-223.636
-135.872
5.450
76.972
152.600
195.583
218.397
279.844
241.224
-72.232
-322.853
-461.315
-478.281
-342.611
-158.523
-20.673
31.683
102.017
134.700
51.661
62.764
101.436
71.294
8.721
1.210
-5.368
-92.976
-195.471
-331.929
-430.341
-452.613
-410.149
-307.731
-145.463
9.995
29.669
-71.804
-167.435
-195.960
-173.711
-81.341
-27.867
-11.708
31.567
55.477
27.349
-22.663
-17.530
16.123
72.297
221.460
330.173
247.056
88.103
-44.042
