-30.241
-7.021
-5.691
-5.396
-4.929
-6.020
-8.488
-9.373
-8.424
-7.965
-7.583
-7.328
-7.686
-7.288
-9.769
-11.368
-12.208
-7.836
-3.091
-2.712
-2.878
-5.721
-6.018
2.374
-0.006
-8.489
-5.581
-5.286
-4.698
0.745
-4.167
-3.099
-10.438
-14.080
-7.981
-5.561
-14.302
-8.304
3.243
-1.756
-1.042
-4.145
1.332
-2.501
14.263
26.598
-4.729
-0.770
4.388
26.677
12.733
21.574
27.799
-6.562
5.264
-16.334
19.200
36.212
27.812
36.720
12.825
-37.129
-58.200
7.983
41.272
73.704
51.583
-13.667
-12.565
-20.098
-1.037
39.507
77.494
42.038
-6.556
25.397
47.531
-26.602
-20.944
21.385
23.503
81.874
108.042
86.626
1.830
-17.379
41.315
70.177
105.792
94.846
161.160
19.192
-16.824
-65.459
-34.156
3.551
14.524
-30.511
-55.096
10.867
49.747
10.135
-8.934
19.829
-40.017
-21.772
-9.283
4.632
43.766
-15.318
-47.160
-20.531
220.751
183.730
64.869
-177.700
-85.019
135.014
109.191
45.342
-39.253
91.792
192.778
128.174
-141.225
-139.497
32.170
-20.332
101.331
37.570
7.826
-33.278
71.916
27.377
130.042
29.546
167.756
46.097
-73.778
-220.917
-202.242
-41.041
117.243
136.200
-20.942
-152.258
-45.665
98.989
39.873
2.546
109.400
4.341
-16.912
159.281
442.168
294.385
9.980
-98.636
-113.575
13.747
286.789
487.561
286.148
-32.671
-100.565
-48.872
-128.529
7.886
61.185
189.541
233.973
-176.486
-408.987
-667.000
-543.596
-324.566
277.051
412.176
271.076
517.454
555.024
656.661
546.641
-12.333
-266.246
114.328
476.925
679.757
897.357
534.545
3.979
-816.598
-1217.604
-1142.515
-220.179
494.785
1559.028
1582.609
9.825
-1220.240
-1631.351
-1364.549
-1238.549
-818.333
32.837
154.711
82.697
304.257
195.695
-388.297
-754.488
-1127.845
-1560.141
-1406.478
-866.560
-538.542
-219.445
283.893
715.420
1069.715
1409.461
1282.852
1402.589
1639.607
1248.217
615.955
-0.542
-163.570
257.644
28.391
-70.431
194.081
238.647
99.239
245.698
-441.867
-1125.670
-1589.704
-2048.370
-2690.847
-2978.786
-1479.623
268.047
878.096
1172.451
743.113
683.325
1095.396
1445.298
1572.080
1056.591
-699.671
-1885.674
-1319.996
-586.886
632.295
1083.278
1109.420
825.728
456.872
-253.533
-1035.795
-1643.858
-1991.403
-2124.002
-2196.547
-1866.863
-946.341
-634.101
166.786
1525.972
1189.418
712.755
915.443
1709.513
1728.913
1062.972
680.066
-121.424
-979.219
-1328.977
-1601.292
-1713.753
-1090.428
-913.396
-1231.580
-1166.890
-1019.595
-1419.985
-1684.876
-1281.997
-305.977
519.167
689.399
1032.870
1100.380
1986.296
3390.392
3451.531
2703.425
1428.412
328.677
394.280
792.484
-385.137
-2003.925
-2896.040
-2346.034
-245.959
1106.818
1980.074
1920.097
934.921
-33.995
-486.969
-1222.257
-2256.182
-2629.759
-2085.591
-2139.389
-2970.932
-3089.035
-1418.106
-231.044
489.987
204.780
187.445
1418.965
3086.933
4165.162
4681.605
4696.227
3665.143
2385.897
1563.010
732.347
131.303
-407.872
-826.791
-1924.449
-3756.892
-4263.478
-3212.072
-1447.810
-439.798
-459.561
-330.481
947.740
1074.995
489.468
-25.507
-404.473
-636.662
-88.531
542.771
467.053
758.624
1111.557
1192.429
1078.628
522.385
361.344
539.046
579.086
404.077
868.723
1073.770
1026.710
53.891
-1390.967
-1674.396
-803.183
527.439
1524.377
1947.077
2097.669
1566.170
8.699
-430.001
138.690
821.686
1274.992
1298.027
861.509
281.579
-262.710
-167.563
77.927
-98.884
-760.088
-1756.865
-2350.978
-2151.939
-1345.836
-756.395
66.468
483.840
455.628
319.527
-118.159
-856.587
-1371.148
-1323.344
-958.333
-623.158
-338.696
-467.050
-804.259
-910.514
-1105.955
-1434.530
-1349.241
-349.750
918.755
1974.323
2314.534
1787.013
1304.101
708.414
54.743
379.130
728.316
441.845
469.237
775.509
642.852
33.007
-184.432
-2.025
-370.773
-1335.778
-1362.204
-932.566
-827.254
-786.264
-376.434
122.968
170.191
433.692
576.708
303.069
617.825
1590.073
2425.133
2515.407
2084.108
1280.947
333.722
410.428
574.610
328.709
5.096
-486.713
-1204.303
-1904.908
-1838.653
-1211.450
-843.546
-717.664
-162.707
-216.234
-479.202
-652.827
-632.859
-574.580
-18.111
1620.032
2120.298
2270.060
2059.109
1474.827
1037.631
824.998
47.983
-389.958
-975.881
-1523.507
-1183.247
-487.577
-215.431
10.981
335.515
596.761
87.929
-760.378
-1243.618
-891.131
87.709
640.940
1077.074
1591.661
2281.701
2327.417
1620.428
814.123
48.839
-1044.949
-1358.166
-1326.500
-1442.121
-1322.096
-1277.716
-1861.822
-1867.547
-1301.990
-841.706
-845.034
-751.307
-115.342
327.136
-64.116
-775.317
-771.331
-362.459
-6.071
116.976
1142.584
2500.645
3118.943
3349.040
3415.308
2436.059
-247.082
-2174.764
-3064.409
-3288.622
-3437.993
-2958.604
-2048.805
-1691.901
-1342.620
-839.666
-164.254
664.385
1215.578
1602.087
1844.350
2011.902
1625.983
1315.116
1361.020
1304.523
1258.537
1776.069
2216.838
1781.609
1254.595
719.027
-25.173
-748.653
-1206.642
-1474.052
-1013.564
-838.966
-1415.573
-1762.256
-1937.616
-1667.985
-1061.949
-1199.546
-1279.501
-1216.921
-910.774
-27.183
655.778
121.121
-674.152
-1257.530
-1688.042
-1124.238
-293.332
-152.669
-648.598
-392.612
157.512
58.158
-379.765
-148.476
563.031
1159.594
1096.044
740.418
-1.143
-502.709
-616.288
134.788
500.133
443.203
326.454
369.962
199.186
-669.708
-1015.880
-496.722
-7.658
582.044
833.422
1219.325
1711.430
1542.804
976.035
395.257
-177.790
-852.612
-1348.972
-1555.570
-1249.851
-515.918
26.557
67.381
18.389
331.677
1012.110
1257.212
782.465
501.422
-174.009
-786.776
-627.312
-304.380
-403.612
-645.331
-813.940
-711.451
102.532
953.471
816.363
775.031
1216.954
1797.790
1688.554
825.394
597.958
700.855
825.256
528.525
219.292
74.716
322.274
609.715
670.709
540.395
326.088
397.319
436.460
228.302
-241.613
-855.496
-1386.989
-1710.714
-1724.389
-1099.014
-70.312
455.381
489.701
102.444
-140.052
-107.706
541.045
991.159
613.419
461.442
670.487
650.441
504.323
660.373
304.912
-536.435
-956.036
-756.117
-497.529
-178.743
-66.860
-354.252
-288.819
-136.189
-260.217
-457.709
-525.966
-345.564
-46.084
105.463
300.622
81.874
-116.993
-207.136
-196.736
-124.526
46.633
206.701
124.285
-47.361
-392.276
-686.506
-1027.008
-869.304
-574.814
-478.031
-723.026
-808.014
-476.245
-61.989
294.975
325.050
41.816
-172.298
-88.030
156.272
32.088
-66.957
80.391
314.274
635.015
884.528
972.267
746.716
563.108
398.789
-1.647
-338.035
-644.799
-695.074
-471.510
-562.718
-1014.122
-1461.711
-1518.157
-1256.144
-1034.299
-910.159
-323.371
603.504
1597.257
2004.560
1640.235
1214.806
1263.083
1210.053
955.789
640.702
192.090
-109.957
-204.018
-303.229
-396.749
-497.632
-656.260
-656.101
-354.194
-124.326
-101.990
-429.556
-1054.542
-1574.372
-1467.348
-699.021
-264.509
-126.902
63.647
495.535
840.624
648.050
-85.354
-576.009
-337.387
198.734
401.794
-62.710
-807.769
-1129.021
-1192.551
-1226.620
-996.435
-565.564
-204.577
-28.668
207.537
405.812
656.344
925.087
975.125
842.969
635.405
716.890
973.048
1171.128
1159.830
1155.593
1210.535
1101.525
666.893
92.610
-148.461
38.571
297.166
376.087
176.755
-182.630
-401.837
-561.347
-749.217
-659.956
-241.656
194.634
348.402
396.066
280.496
57.225
-2.452
-127.248
-67.151
201.723
382.834
267.238
-69.402
-292.415
-252.400
28.074
119.535
-154.212
-151.873
182.701
410.915
513.894
516.511
375.032
249.863
280.991
315.021
259.931
178.498
211.576
429.239
468.763
-14.674
-732.478
-1070.684
-901.048
-560.108
-301.937
-212.836
-231.868
-209.185
12.205
234.296
228.013
149.189
84.435
104.437
-25.836
-391.431
-598.483
-482.646
-202.918
103.012
382.464
469.484
238.432
-161.368
-503.490
-642.574
-523.724
-249.312
-4.742
87.799
76.866
47.018
-26.481
20.929
223.722
154.266
-88.015
-252.614
-232.531
-302.957
-375.908
-382.010
-291.989
-140.943
-113.597
-181.012
-172.947
-57.373
122.294
187.555
163.701
-45.462
-284.678
-344.905
-155.596
78.646
315.617
473.296
497.535
376.558
145.838
-54.980
-72.071
90.838
283.953
495.146
596.500
508.496
192.436
-216.625
-417.819
-447.084
-284.792
-125.348
-35.211
-67.510
-65.403
70.560
197.662
316.385
524.044
641.429
563.483
368.836
236.375
240.963
294.505
337.542
337.407
306.072
74.359
-257.291
-471.908
-479.650
-460.833
-493.538
-497.354
-583.966
-591.511
-329.434
-73.026
-12.490
-10.312
-13.153
69.215
181.081
169.898
133.892
144.079
153.211
148.442
110.377
10.411
-218.984
-323.908
-382.666
-483.872
-583.023
-457.434
-279.851
-115.936
-132.599
-306.935
-450.857
-424.156
-215.282
-9.322
49.933
100.134
233.202
267.705
209.383
280.804
297.202
35.861
-269.797
-339.462
-285.117
-163.374
3.155
119.896
226.167
290.102
275.440
158.941
-81.481
-280.137
-266.726
-124.711
-7.791
91.960
255.986
434.768
457.901
263.446
6.566
-207.672
-229.869
-147.686
9.210
242.483
446.533
435.597
269.672
20.681
-242.726
-406.666
-453.723
-422.053
-334.990
-156.693
22.457
192.920
293.091
292.441
300.568
319.157
292.945
203.587
111.038
97.037
104.506
138.165
121.799
141.344
262.338
395.940
279.937
164.108
266.915
339.740
303.254
222.239
52.687
-28.696
-25.431
37.464
131.400
316.418
446.444
414.122
205.518
-94.131
-249.297
-253.152
-219.249
-127.423
141.468
317.821
258.788
100.586
-11.767
4.104
157.443
318.395
261.096
21.120
-195.415
-262.047
-281.590
-395.354
-544.547
-653.008
-621.516
-459.500
-224.796
-47.421
73.115
23.410
-55.905
-110.932
-93.598
47.229
222.312
287.878
239.220
108.541
-63.892
-183.543
-196.171
-121.071
2.931
105.026
101.402
-34.490
-96.876
-57.818
-26.120
-11.433
12.649
-42.839
-167.773
-243.247
-205.421
-96.632
53.746
103.933
-3.691
-241.954
-419.042
-414.914
-209.381
44.461
223.719
322.416
300.592
235.066
42.387
-208.361
-317.847
-252.302
-116.397
-91.910
-90.976
-95.552
-64.023
-0.854
60.253
109.961
173.597
165.527
50.963
-26.684
-49.558
-68.838
-41.648
35.020
65.033
78.922
80.122
86.173
92.946
54.435
30.601
0.129
-92.124
-121.504
-80.137
-42.923
-56.512
-168.690
-321.000
-449.806
-472.610
-443.924
-387.858
-243.264
-95.901
-107.493
-177.635
-191.100
-182.377
-138.662
-65.423
-47.393
-123.869
-146.410
-83.600
-17.754
48.303
66.400
147.174
275.333
329.760
299.615
219.989
65.851
-151.593
-303.711
-373.078
-351.486
-231.056
