-0.269
-0.759
-1.156
-0.928
-1.761
-2.076
2.909
5.692
-5.572
-13.821
-6.110
9.864
12.723
-16.810
0.080
19.571
21.730
-53.719
-65.728
28.775
38.837
-5.731
-0.282
24.554
2.445
-36.395
6.623
38.843
43.046
9.620
20.327
60.474
-16.299
-110.309
-19.039
10.022
51.250
1.068
56.351
8.339
-106.383
-0.571
-93.163
-145.028
8.005
267.678
182.055
-87.517
-196.900
-347.676
-208.497
35.493
124.165
121.385
-32.680
265.818
290.923
-86.573
-262.718
-310.156
-5.512
99.943
-177.871
-230.853
25.601
251.691
161.182
84.940
260.774
171.556
18.439
316.263
607.954
237.543
-111.049
34.606
58.815
-299.350
-383.155
-211.469
-252.842
-184.950
-57.638
-12.329
-86.688
73.258
300.527
371.413
239.355
340.392
1089.925
1767.531
1112.196
-511.471
-1365.255
-1508.478
-1347.225
-847.071
-895.216
-1089.604
-917.778
-823.939
-1072.998
-1174.971
-828.443
207.731
1260.399
1796.740
1724.991
1404.042
1133.902
791.791
613.381
779.376
887.453
815.462
824.681
694.111
55.018
-567.034
-558.332
-422.504
-682.439
-1058.601
-1041.690
-616.094
-462.148
-668.596
-956.328
-1022.837
-811.024
-678.737
-578.446
-204.607
732.197
1643.610
1651.428
1671.969
1814.134
1971.486
1439.982
-398.659
-2050.299
-2311.479
-2055.305
-1817.793
-1381.283
-534.688
-394.958
-880.424
-933.441
-348.568
441.834
1074.347
1455.561
1622.380
1205.810
552.049
256.344
608.607
1331.757
1579.806
1429.363
1098.217
852.875
812.174
738.904
137.998
-908.685
-1391.751
-1529.245
-1599.372
-1514.301
-1290.087
-1127.198
-1259.987
-1529.043
-1505.468
-1042.480
-256.353
398.814
637.262
759.575
818.721
720.084
543.712
232.620
-226.826
-776.173
-1104.120
-851.632
-229.503
546.967
1318.502
1841.520
1978.349
1598.083
863.832
418.246
439.824
628.037
647.184
280.559
-274.180
-710.557
-848.162
-860.174
-703.189
-439.397
-438.285
-581.099
-658.657
-502.211
-185.723
149.989
369.412
335.204
120.145
60.546
164.746
186.550
-19.685
-238.614
-242.817
-14.326
172.532
314.866
446.129
486.760
228.420
-240.605
-634.816
-876.180
-851.736
-711.348
-336.940
6.548
263.284
468.764
520.238
526.354
565.474
614.917
507.426
263.771
-7.621
-413.003
-718.135
-740.320
-589.427
-462.736
-402.249
-395.340
-427.823
-468.877
-408.690
-272.663
-8.529
241.738
384.999
630.841
840.420
933.615
940.485
918.701
875.008
870.252
919.831
909.386
836.174
691.461
504.218
279.173
1.799
-395.379
-826.422
-1234.044
-1491.522
-1524.440
-1506.266
-1337.511
-1099.112
-909.880
-650.417
-319.940
103.256
550.730
765.545
645.371
432.965
404.378
375.877
254.975
206.271
180.877
125.281
172.773
360.490
400.555
277.521
81.988
-201.587
-467.244
-560.987
-419.333
-126.404
58.580
151.148
261.601
364.454
497.301
626.050
752.261
620.779
186.173
-314.158
-673.212
-818.025
-777.247
-575.179
-292.608
-86.202
89.341
122.003
78.320
33.212
8.756
137.027
416.075
590.375
694.441
653.111
442.453
120.467
-294.386
-584.218
-778.247
-846.151
-738.660
-478.540
-99.105
137.100
259.202
303.018
264.955
213.273
146.637
79.817
-23.259
-229.809
-317.427
-204.840
93.050
447.961
558.040
467.322
281.372
104.184
-101.908
-414.991
-539.265
-481.196
-352.444
-219.204
-53.755
112.862
152.170
144.261
169.701
228.309
232.015
206.595
258.598
315.727
253.295
250.370
320.904
299.572
248.662
179.358
98.795
-146.146
-455.605
-514.675
-485.259
-546.341
-638.493
-637.862
-477.849
-187.971
147.898
316.728
299.910
152.451
-34.065
-126.866
-80.816
115.299
259.160
301.400
374.352
428.591
363.539
277.154
94.024
-88.118
-102.238
13.400
73.218
-5.559
-24.658
-28.786
-111.886
-231.624
-257.913
-246.253
-292.719
-196.671
-51.401
-34.795
-112.921
-204.247
-241.426
-218.053
-126.880
-1.502
107.260
212.270
405.271
488.667
469.179
475.895
515.984
461.230
210.659
50.744
49.373
67.075
81.250
13.325
-72.389
-130.234
-244.710
-352.333
-341.579
-272.378
-258.329
-319.851
-359.043
-364.759
-355.513
-259.013
-83.286
-4.436
-144.272
-277.112
-429.790
-520.410
-496.158
-388.785
-259.613
-200.858
-69.656
103.971
216.414
215.560
153.978
106.708
111.517
169.989
252.959
349.031
434.546
477.816
472.392
467.443
475.645
421.980
327.109
171.046
55.114
-57.171
-116.204
-96.355
-128.017
-172.108
-280.706
-397.344
-440.728
-505.544
-604.757
-704.385
-721.845
-676.827
-692.720
-714.256
-589.222
-246.033
96.252
302.139
461.522
681.278
952.490
1249.276
1461.009
1640.544
1742.529
1694.075
1582.573
1405.353
1199.504
586.007
-89.540
-322.706
-517.725
-839.509
-1094.281
-1130.114
-1069.206
-950.064
-865.043
-830.096
-833.116
-811.046
-787.391
-781.298
-817.198
-931.611
-783.119
-206.506
315.345
682.377
827.179
994.796
775.583
260.650
-205.672
-476.274
-340.101
281.157
778.780
969.902
912.483
668.152
391.447
105.313
-174.193
-339.594
-445.291
-590.101
-597.036
-482.349
-452.317
-369.419
-131.266
249.083
488.586
501.284
518.829
484.570
410.259
259.585
136.415
101.084
74.671
-70.324
-265.013
-415.349
-469.392
-605.697
-837.096
-1059.664
-1126.669
-919.631
-553.740
-181.883
198.056
585.294
916.361
1060.908
1076.182
1012.772
904.395
859.559
874.398
914.261
825.843
675.008
555.126
475.051
255.524
-166.596
-703.926
-1121.739
-1404.044
-1514.914
-1515.291
-1379.128
-1122.610
-869.316
-669.095
-573.262
-566.461
-549.243
-551.037
-539.759
-541.738
-502.979
-405.819
-334.525
-194.767
34.102
303.940
573.646
721.173
770.604
799.688
932.461
1056.314
1150.761
1136.422
1028.583
917.745
867.614
751.455
503.441
206.037
9.635
-36.276
-67.867
-46.106
29.483
86.053
71.287
-78.559
-276.880
-376.634
-350.830
-246.449
-180.780
-156.363
-127.765
-102.056
-125.385
-145.788
-95.582
-36.589
-7.675
-11.297
-63.919
-83.045
10.547
183.627
386.429
453.639
380.215
213.005
36.780
-111.068
-240.613
-312.265
-266.660
-238.769
-280.589
-362.811
-421.534
-436.780
-420.048
-359.769
-286.791
-154.555
17.803
107.411
103.697
61.663
53.626
0.992
-100.991
-74.688
-51.028
-2.701
16.730
34.845
41.654
-5.726
8.517
104.290
253.195
392.254
512.222
605.187
660.470
598.502
463.121
328.969
230.069
135.384
63.773
-10.403
-100.860
-189.733
-233.083
-291.214
-285.502
-317.801
-321.916
-374.025
-434.310
-420.115
-368.173
-211.460
-88.016
-39.438
-36.245
-5.192
9.413
-12.726
-51.967
-124.074
-212.500
-267.353
-313.948
-318.614
-301.048
-238.542
-205.945
-247.001
-314.269
-288.117
-256.884
-204.570
-131.907
-20.200
118.462
218.804
326.341
397.352
436.326
461.546
465.029
476.968
452.370
433.476
399.973
335.171
230.671
153.751
81.121
50.628
20.976
-2.590
-39.677
-59.864
-57.186
-89.049
-100.181
-128.527
-74.480
-26.788
-44.448
-46.555
-13.730
-17.151
-22.441
-12.842
27.444
52.949
87.011
94.655
71.646
39.729
15.747
-25.380
-56.852
-71.618
-107.409
-143.499
-270.192
-320.342
-374.643
-371.651
-347.617
-266.702
-168.442
-105.623
-23.580
54.753
113.818
114.310
169.160
267.109
369.217
444.279
513.544
542.623
566.496
600.745
646.224
651.855
608.715
551.326
474.922
347.484
277.640
199.114
138.563
60.033
-24.936
-110.170
-184.813
-196.209
-205.771
-200.687
-228.503
-303.961
-415.962
-499.019
-562.515
-604.760
-637.890
-644.888
-613.670
-554.868
-491.213
-445.716
-419.479
-425.978
-498.155
-529.118
-555.970
-531.335
-423.294
-271.617
-112.513
-16.119
108.676
215.347
285.802
348.138
433.165
518.283
554.514
558.508
535.957
536.135
495.140
486.347
489.978
487.994
485.869
446.583
428.380
365.155
306.772
100.857
-74.666
-218.155
-317.202
-363.371
-409.853
-388.943
-357.209
-354.424
-365.514
-364.626
-366.290
-363.533
-394.092
-406.857
-440.267
-402.681
-355.535
-277.822
-171.267
-76.598
-9.288
45.996
108.258
232.315
334.364
437.049
520.550
580.051
629.675
602.614
566.787
511.937
420.889
317.169
205.072
137.892
73.451
11.467
-68.142
-114.315
-147.116
-176.479
-238.537
-311.858
-405.174
-476.282
-537.036
-581.662
-516.954
-423.636
-302.381
-223.951
-170.114
-112.796
-96.668
-44.764
19.454
91.270
170.058
214.787
243.005
238.063
212.647
217.976
241.071
248.365
225.695
221.319
179.660
119.674
46.226
-14.129
-82.640
-82.484
-133.306
-135.514
-126.002
-51.175
24.642
71.065
146.241
227.303
251.246
275.063
283.040
283.364
284.646
234.799
172.349
129.838
98.446
54.566
-34.648
-160.419
-262.000
-300.613
-337.821
-367.387
-337.553
-338.363
-298.197
-239.423
-177.416
-108.233
-76.104
-71.819
-39.283
-37.226
-42.604
-34.374
-49.630
-78.805
-94.301
-64.496
-9.933
59.941
98.454
119.954
136.420
106.097
129.464
130.814
146.399
227.075
277.614
307.436
254.451
196.125
159.919
89.379
47.873
42.061
43.182
24.115
2.024
-28.557
-31.897
-29.798
-29.763
-65.717
-103.108
-117.756
-87.619
-76.664
-84.398
-111.676
-139.811
-177.236
-145.982
-126.434
-92.568
-49.353
-14.541
29.651
4.444
3.548
3.252
-5.539
-16.754
-40.170
-42.591
-44.399
-23.998
-7.162
2.670
41.635
38.092
21.532
-0.105
-0.346
-19.912
-53.015
-96.443
-84.342
-84.833
-93.574
-129.985
-136.389
-120.944
-112.350
-67.688
19.344
102.379
152.063
177.694
172.873
169.704
167.546
145.907
135.216
120.712
141.172
156.651
185.850
184.167
173.696
137.552
71.971
53.243
25.463
33.206
50.188
45.649
31.543
-20.431
-43.193
-43.442
-40.570
-32.510
-39.115
-52.907
-73.110
-97.311
-129.999
-143.263
-136.079
-107.408
-83.996
-75.123
-59.009
-36.198
14.810
45.873
108.490
101.781
99.347
79.826
71.536
88.830
84.488
97.143
113.758
112.031
113.085
114.240
117.043
120.093
116.605
82.243
56.731
17.752
-40.315
-119.841
-178.149
-220.049
-262.114
-291.799
-336.272
-307.048
-312.619
-309.769
-308.234
-279.940
-239.274
-248.448
-225.026
-218.538
