17.580
18.801
18.506
17.419
18.892
20.943
17.361
17.062
15.621
4.528
27.835
29.353
-12.441
22.232
33.977
39.719
28.718
-36.009
-20.811
44.676
54.100
-73.526
-53.450
127.406
108.377
37.381
-60.044
-97.300
18.235
146.950
50.540
-65.925
200.533
215.821
-39.181
-259.759
-74.200
125.228
124.174
25.139
101.110
59.597
-25.144
7.822
11.849
-218.020
63.007
252.041
-116.187
-380.035
-328.435
-181.370
-89.876
66.370
278.837
173.141
378.022
140.513
-201.570
264.845
393.024
50.736
-19.455
-341.467
-613.374
-457.945
-147.486
194.234
141.837
-73.579
-171.494
-235.093
-330.383
-339.355
-302.867
-329.025
-394.364
-198.616
63.549
419.841
72.706
-1003.026
-1607.159
-2181.535
-2357.966
-2520.557
-2051.733
870.070
2216.877
212.613
-924.429
-408.312
1079.952
1944.735
2808.463
3980.740
3866.147
3293.096
2322.006
1330.336
932.229
509.458
-51.375
-217.369
-355.796
-474.749
-1226.753
-1705.245
-1466.614
-1560.097
-1987.146
-2047.291
-1512.626
-804.007
-398.689
-56.010
572.648
670.841
-58.841
-933.649
-1368.878
-1316.593
-667.237
240.604
626.258
386.690
-91.963
-64.696
168.118
150.834
-51.491
-46.187
-53.758
-116.147
525.934
1313.439
1629.099
758.632
-63.809
93.766
1619.012
2451.823
2231.385
1661.315
1011.447
-255.319
-1262.080
-1181.938
-1127.037
-1137.808
-1117.544
-723.646
-374.449
-250.159
10.258
473.979
538.215
392.038
242.166
32.865
-50.755
19.945
90.912
178.826
306.047
447.136
693.204
863.310
454.491
-57.324
-524.792
-1207.899
-1764.556
-1694.498
-1239.562
-720.403
-450.637
-125.738
263.264
453.581
571.920
508.399
152.697
-262.393
-731.287
-1121.023
-1007.041
-530.850
114.162
681.851
1054.277
1298.304
1301.299
878.160
358.510
122.516
390.085
740.236
780.917
613.335
200.744
-358.662
-687.249
-714.159
-433.581
70.128
505.914
651.216
466.765
-2.473
-539.761
-939.360
-953.418
-681.332
-455.247
-552.938
-600.274
-603.583
-741.185
-970.456
-872.537
-313.473
356.242
639.632
585.354
385.744
34.073
-342.230
-473.411
-272.602
65.303
548.259
956.343
1119.558
1094.860
861.608
476.380
121.543
59.758
303.901
389.559
338.363
101.548
-508.477
-1062.408
-1062.449
-669.716
-95.656
685.710
1305.729
1343.443
911.688
152.065
-594.559
-1055.768
-1137.906
-1050.897
-785.226
-479.215
-214.274
-88.296
-34.044
-80.818
-31.324
63.958
54.724
-79.700
-137.699
-11.040
214.698
335.427
346.600
321.379
443.088
632.496
599.024
222.616
-53.967
-216.844
-443.220
-507.285
-449.863
-418.296
-481.777
-609.046
-828.612
-920.571
-654.271
-163.604
297.277
787.755
1130.627
1207.323
1078.286
838.618
744.108
562.951
158.159
-153.612
-289.237
-322.606
-313.163
-304.527
-358.582
-529.944
-630.693
-517.934
-190.860
32.748
44.975
55.824
150.840
157.536
127.348
95.897
147.336
328.803
509.289
596.261
541.688
399.867
195.962
52.283
117.961
334.101
401.608
331.997
129.619
-233.684
-706.654
-1129.876
-1409.706
-1430.549
-1331.203
-1091.613
-830.898
-558.027
-219.084
169.460
346.602
509.741
615.921
554.480
321.176
193.165
250.827
270.567
325.883
595.439
744.973
712.248
679.852
790.331
855.788
705.952
337.450
80.765
76.549
16.684
-187.157
-254.606
-379.248
-689.897
-936.266
-1060.567
-1023.260
-944.292
-812.757
-518.824
-211.313
2.626
145.491
259.289
270.720
202.281
243.701
450.337
741.312
753.331
632.101
540.393
516.749
275.194
-130.435
-442.855
-517.873
-291.807
-42.142
-27.212
-192.680
-343.669
-307.895
-196.344
-168.187
-31.190
121.257
124.925
122.876
151.017
89.193
-26.477
-93.053
52.891
240.788
387.444
401.228
301.597
218.183
125.202
119.910
248.842
393.563
401.555
329.042
146.833
-100.230
-501.199
-942.561
-1102.496
-808.732
-458.134
-301.291
-237.033
-190.126
-110.392
-52.789
-117.077
-108.825
160.812
516.577
681.504
671.826
563.403
400.122
295.608
126.805
5.914
56.525
250.583
262.124
48.876
-263.793
-534.216
-672.497
-733.714
-733.300
-590.475
-327.915
-185.078
-228.140
-330.805
-243.249
-80.266
86.199
245.550
355.949
415.102
643.973
748.288
692.709
549.393
342.235
143.542
-53.920
-132.641
-10.801
92.063
-5.622
-146.129
-152.640
-121.171
-219.009
-363.495
-527.149
-587.529
-526.445
-420.696
-426.599
-536.124
-556.771
-390.720
-217.709
-44.972
154.602
350.556
439.412
466.847
523.969
428.229
168.565
-1.362
-141.816
-277.709
-407.563
-515.285
-731.298
-1024.591
-1266.970
-1395.097
-1516.062
-1624.507
-1647.258
-1567.674
-1375.277
-1115.842
-1045.188
-1265.704
-1464.238
-1281.753
-415.274
806.003
1600.733
2301.725
2915.593
3079.712
3076.164
3112.608
3194.000
3332.435
3413.417
3467.844
3639.563
3735.901
3753.107
3652.397
3404.379
2730.593
1231.186
-587.947
-1659.296
-2550.284
-3690.175
-4651.467
-4723.198
-4131.723
-3440.296
-2832.152
-1831.467
-828.311
-694.307
-887.994
-971.385
-988.318
-1157.434
-1321.488
-1227.614
-951.731
-420.600
-13.708
37.592
-49.286
-161.868
-39.602
97.020
347.187
857.020
1240.937
1428.288
1598.202
1715.755
1697.229
1565.135
1467.659
1458.275
1367.174
924.690
263.957
-316.581
-657.919
-736.189
-680.556
-648.808
-688.420
-714.053
-687.667
-661.532
-674.967
-676.059
-584.165
-348.133
76.939
562.287
905.058
843.254
498.728
102.524
-156.995
-216.709
-147.862
99.687
495.800
751.759
750.667
538.438
183.930
-269.688
-686.143
-985.565
-1230.454
-1464.915
-1612.635
-1683.868
-1625.849
-1512.204
-1338.390
-1010.277
-620.965
-127.307
365.995
774.097
1019.284
1184.962
1302.089
1376.220
1379.420
1327.405
1261.362
1193.103
1037.154
914.459
803.353
574.007
333.790
102.144
-18.761
-179.197
-405.947
-668.790
-934.493
-1059.777
-1075.669
-1039.275
-905.981
-737.486
-597.221
-387.802
-218.527
-34.811
190.882
361.080
441.239
472.115
483.358
485.349
444.660
445.898
490.259
580.473
701.560
794.086
775.361
606.553
339.540
36.766
-182.437
-259.394
-225.159
-190.495
-251.345
-425.385
-570.164
-603.504
-525.474
-358.873
-199.014
-121.047
-136.412
-170.416
-176.302
-155.730
-92.338
-14.957
18.953
-7.255
-47.524
-96.177
-171.655
-217.768
-211.710
-138.630
-73.121
-2.600
45.837
10.142
-48.034
-95.183
-71.488
86.671
284.606
417.830
476.721
506.520
464.909
398.584
298.123
231.215
177.617
156.790
132.420
75.644
-43.605
-158.289
-250.288
-336.743
-375.212
-341.712
-288.597
-244.464
-243.820
-237.619
-171.858
-83.507
0.627
44.757
62.868
87.841
87.643
90.613
71.948
56.159
28.604
18.277
17.822
49.902
71.552
135.733
194.903
230.067
221.020
178.342
119.331
54.338
10.607
-63.449
-90.350
-82.026
-45.317
40.939
124.449
196.941
254.392
301.605
341.512
317.697
240.660
141.921
73.660
53.481
-0.801
-109.533
-278.063
-422.211
-484.952
-560.375
-590.598
-573.793
-559.301
-502.380
-489.437
-476.437
-395.375
-298.901
-187.924
-104.598
-43.173
-27.207
26.691
103.233
203.680
296.112
352.011
314.505
276.367
221.311
187.373
147.533
151.913
153.260
113.344
11.026
-33.636
-79.615
-120.048
-146.119
-132.816
-100.844
-66.914
-39.219
-11.087
12.864
8.697
51.926
84.680
109.588
125.677
135.894
167.369
159.423
129.491
108.976
70.335
12.972
10.014
-12.894
-27.698
-9.033
27.742
70.879
70.818
54.566
77.067
77.633
79.671
80.269
44.418
-1.997
-36.273
-61.541
-115.455
-188.002
-239.911
-253.946
-223.304
-175.332
-111.032
-26.652
18.479
81.946
124.983
195.716
224.319
240.743
235.314
157.504
74.937
25.088
-10.984
-53.587
-81.828
-121.757
-135.219
-97.172
-69.390
-40.708
-5.456
-4.563
-15.596
-60.615
-110.606
-167.941
-171.969
-142.426
-43.239
81.375
206.229
269.380
226.739
179.316
95.004
25.268
5.980
-4.259
-17.090
-66.165
-108.013
-137.216
-82.143
-12.082
28.853
11.106
-28.518
-113.991
-192.746
-239.273
-266.927
-258.829
-277.327
-253.209
-275.893
-291.959
-319.545
-330.966
-320.375
-339.934
-352.016
-303.632
-236.800
-143.792
-43.919
68.034
181.509
310.275
401.653
454.449
465.708
461.314
436.741
389.779
326.609
261.578
194.060
110.533
62.128
4.552
-2.202
34.082
36.993
29.169
-21.395
-60.263
-110.125
-215.857
-314.552
-370.218
-340.045
-347.589
-350.140
-301.643
-230.016
-129.233
-4.941
102.014
136.049
163.813
184.784
225.187
228.880
274.546
314.638
365.242
371.011
390.538
353.894
283.659
219.620
132.311
56.908
21.210
-7.486
-30.961
-20.223
6.471
-3.055
-30.462
-52.153
-80.684
-92.703
-79.876
-41.768
-31.382
-29.433
-15.672
51.925
102.469
141.178
153.452
102.305
124.617
80.745
44.681
-6.028
-57.312
-113.864
-121.050
-86.954
-17.334
42.366
62.176
20.352
-52.198
-103.364
-107.669
-69.257
-32.818
3.066
38.521
3.799
-26.430
-74.086
-73.998
-49.037
-44.848
-61.075
-111.171
-108.959
-117.127
-116.636
-77.050
-38.083
8.138
20.283
62.476
58.582
24.057
-18.557
-86.599
-103.380
-102.304
-74.026
-57.410
-57.391
-32.924
-19.568
-2.235
21.717
68.280
68.258
113.461
69.791
69.179
21.522
13.457
-8.339
25.994
24.331
23.280
-48.712
-126.173
-178.673
-194.327
-166.114
-155.117
-150.591
-147.133
-146.815
-159.865
-191.133
-190.459
-158.059
-128.073
-61.550
33.204
161.580
244.744
317.833
378.015
396.136
393.909
356.732
320.064
255.474
184.461
119.510
40.278
-24.922
-32.582
-37.008
-34.845
-31.309
-26.004
-21.659
-11.968
28.995
47.199
24.145
24.958
-6.801
51.102
67.291
74.148
119.129
128.031
168.201
166.189
155.182
125.705
126.073
129.692
138.680
171.009
146.953
133.420
137.856
140.052
138.270
98.950
58.065
49.320
-0.527
-54.401
-120.181
-203.559
-288.006
-355.594
-355.899
-342.953
-309.715
-281.513
-273.109
-227.726
-166.243
-110.609
-64.852
-21.869
-21.712
3.446
26.472
28.884
30.957
32.766
35.164
-0.164
-2.645
-8.436
-8.351
31.158
65.678
111.249
112.321
93.791
71.891
41.687
