25.016
-27.391
-27.740
-24.634
-23.376
-25.740
-27.753
-25.337
-21.513
-21.056
-24.734
-29.575
-25.959
-22.828
-28.320
-30.901
-24.833
-22.803
-18.786
-16.416
-18.639
-17.586
16.585
-14.259
-54.364
-56.190
-52.439
-39.075
1.320
-13.654
-4.378
1.415
31.015
-44.310
-41.897
-107.269
-101.214
-63.233
-103.730
-27.394
56.628
30.437
16.089
16.431
-7.821
-99.424
-65.901
-142.171
-51.368
119.219
6.632
-95.712
90.676
-72.582
27.693
107.653
75.718
30.271
-86.814
-346.149
293.640
360.804
194.798
328.107
-270.454
-24.786
4.859
-46.725
-690.480
-302.617
-273.963
-40.496
270.929
340.844
243.700
349.180
340.922
-39.236
-129.121
-18.836
-498.111
-324.461
-465.743
-185.702
-308.011
357.610
360.473
199.524
337.783
-106.151
330.969
-425.190
-667.579
-507.924
-387.799
412.694
427.456
-145.439
-311.227
-57.662
-811.756
-454.053
-744.450
85.148
365.511
520.773
229.661
361.955
155.713
-321.455
-323.194
-621.524
-662.188
-297.598
-390.895
112.561
-75.843
413.349
289.462
448.379
692.836
484.588
335.489
-478.393
-778.612
-722.061
-374.764
-384.522
792.633
444.810
-17.223
72.251
1395.963
1758.744
1986.185
2172.697
2072.175
2117.331
987.166
179.174
720.765
1441.610
1237.187
-772.198
-2077.166
-179.336
508.952
896.774
1821.561
2245.626
2337.555
2150.249
1747.362
1826.339
1899.588
1486.172
-95.244
-2608.457
-3892.651
-4526.166
-4755.655
-4809.235
-4546.983
-1675.549
2796.687
4324.861
4487.665
2426.441
-3086.011
-3091.014
461.457
-71.743
-1008.291
-1074.155
-759.454
493.040
865.931
284.293
-1835.419
-2622.646
-3006.591
-2130.791
-1634.243
-1056.307
-66.738
-198.895
-146.799
2156.991
3931.651
3306.994
3187.352
3333.302
2339.217
1438.503
583.455
-1902.717
-3643.843
-3449.659
-3170.944
-2813.017
-1873.360
-2078.616
-2603.251
-2487.986
-1781.511
1155.313
3663.701
3833.991
4294.875
3996.035
2189.869
678.231
726.381
887.060
202.463
-1143.664
-1752.195
-643.478
-1279.253
-2050.049
-1170.139
509.961
211.208
-342.523
257.739
1013.674
136.271
-790.959
-1427.140
-512.663
1928.808
1587.281
-1572.143
-2616.340
-1049.787
-560.587
-2074.596
-3250.582
-1892.344
1882.971
1693.985
947.385
1596.552
1813.320
250.517
-1115.565
-1254.225
-1695.307
-1712.231
-1240.933
-132.177
416.196
881.323
928.165
387.948
-937.372
-566.472
591.973
247.991
-393.330
-129.195
1076.630
708.601
-686.624
-807.455
325.915
2293.714
2131.179
1413.850
-455.949
-1631.574
249.209
909.002
-286.062
-1550.371
-1581.291
-1218.291
-1202.695
-755.240
-413.424
547.217
1400.469
1281.761
932.468
1532.457
1626.192
1085.193
-181.851
-821.170
-203.561
-290.126
-92.231
274.419
188.957
509.739
860.391
60.733
-835.269
-33.389
564.520
212.528
-152.416
-785.690
-1016.869
-516.166
276.491
593.132
219.113
-216.563
-102.524
457.057
490.786
20.741
-18.134
-84.953
-127.492
258.997
310.579
-136.612
-722.721
-800.743
-451.406
-24.717
-147.907
-138.232
29.737
64.795
173.994
239.655
212.640
223.763
461.295
247.944
-126.518
-157.259
263.986
214.998
32.744
502.714
507.470
97.149
25.732
259.378
144.009
-428.072
-614.426
59.213
472.501
355.997
38.806
-191.893
-544.859
-478.124
-133.788
198.406
175.296
156.353
-45.540
4.251
296.311
252.315
428.627
446.977
-306.890
-678.060
-443.483
-347.073
-638.403
-560.544
-131.139
-292.163
-672.326
-932.879
-489.813
126.446
695.688
1263.599
1284.528
565.966
327.336
246.248
-346.659
-969.787
-642.425
-277.502
-326.531
-118.695
140.590
-276.608
-991.791
-994.402
-220.229
607.985
1061.649
898.122
530.466
667.916
159.543
-670.884
-158.036
110.367
-274.563
-537.467
-234.297
179.293
-157.650
-498.467
-404.772
-13.289
382.043
389.020
-101.311
1.602
453.796
451.112
153.812
-137.487
-282.030
23.306
84.590
138.409
164.171
-194.022
-460.090
-87.924
581.107
430.445
-82.797
384.451
1081.826
981.550
221.837
-165.944
-19.275
505.688
468.115
210.638
-319.722
-522.362
2.085
528.561
463.011
109.162
263.963
555.634
413.711
38.671
-157.743
-63.039
16.012
243.525
318.048
-206.224
-341.198
80.684
377.568
494.751
-30.123
-784.285
-762.470
-35.665
694.453
693.030
359.260
-37.264
-549.048
-462.476
-254.095
-40.434
-35.416
-321.647
-165.638
-207.049
-255.848
-319.814
48.385
437.927
176.591
-50.514
-295.118
-451.483
-106.412
-300.375
-557.160
-472.822
-134.366
349.661
393.465
175.902
178.873
148.854
5.768
-138.059
-166.514
67.360
-143.813
-666.688
-429.491
-17.177
-159.616
-166.093
101.448
260.874
293.083
-21.317
-595.300
-382.198
215.397
319.458
-36.166
-408.396
-107.030
315.238
95.738
6.953
103.506
304.459
228.938
87.865
-102.253
210.120
429.723
237.413
150.578
-8.289
-140.978
-153.630
187.358
434.935
-75.532
-441.043
-337.825
-71.459
-46.661
-304.148
-376.539
-216.784
-108.873
80.087
221.469
73.085
-117.264
-104.245
-176.970
-231.770
-249.234
-319.087
-157.326
274.673
321.042
227.077
-10.182
-200.020
-19.949
152.619
171.159
295.210
239.251
-11.173
88.736
125.174
-135.063
-282.677
-102.263
-216.181
-266.621
93.257
272.889
359.902
450.068
420.697
131.606
-27.404
-71.492
-280.597
-395.179
-47.849
223.860
239.805
185.886
93.787
163.615
212.164
13.882
156.535
174.910
-277.895
-390.242
-409.397
-402.297
-345.850
-133.241
172.323
116.010
200.424
337.546
193.711
517.283
709.429
509.314
98.088
148.216
205.658
134.540
-120.127
-318.441
-298.238
-317.360
-344.219
-215.544
-217.723
-159.661
48.781
147.616
212.082
190.498
-1.808
72.986
338.602
120.364
-115.286
-165.702
-77.903
101.137
-34.114
-23.210
126.016
-0.708
-90.211
-150.238
-137.516
-122.573
-22.747
72.496
82.241
61.372
1.783
-109.542
-141.354
-234.365
-332.805
-341.130
-362.701
-196.755
-9.055
71.641
64.149
-23.327
-254.653
