-53.981
-5.644
-6.189
-6.816
-1.963
-0.829
-2.531
-5.621
-10.057
-8.171
-4.877
-7.445
-5.307
-5.841
-3.756
-7.133
-2.954
1.136
0.916
-10.973
4.984
10.246
4.518
3.069
5.166
-3.886
7.076
-12.199
-15.613
19.145
52.750
12.201
8.319
-51.853
-0.448
6.244
-47.791
-7.937
-4.650
-96.332
-47.005
32.275
87.828
-30.170
-13.517
-24.413
86.047
56.464
-12.986
16.766
48.502
-129.611
-25.586
13.828
94.004
86.076
35.192
-72.000
134.698
18.958
193.774
322.190
-1.785
353.777
170.860
25.543
-125.245
-27.047
-210.359
68.602
-101.221
-134.565
-366.883
246.583
533.193
467.647
288.356
93.685
-77.609
514.003
101.977
-409.905
-314.444
-164.266
-333.509
20.041
216.333
326.232
84.799
66.687
-31.570
-193.953
26.067
-43.351
342.587
-159.834
-472.232
-68.560
-371.571
-240.357
-840.088
-155.401
92.996
542.785
256.990
-219.534
-25.760
19.200
-44.568
-94.978
-185.181
92.610
-48.218
197.584
-508.587
134.732
-549.357
-367.774
-214.363
384.471
249.949
833.554
935.046
-224.313
-643.446
380.947
556.386
-249.014
-552.381
-764.610
-1058.708
-881.925
282.851
1154.423
1075.783
282.730
-266.722
-394.123
327.719
2292.159
2814.167
2100.745
1257.298
485.300
843.986
1794.815
927.727
-272.568
-455.017
-232.325
225.528
-143.484
-1366.772
-2140.681
-2539.184
-3023.789
-3405.540
-3413.672
-1633.651
-396.972
-330.949
-282.617
1001.370
4172.782
6773.962
3413.466
-602.129
-3685.749
-5787.462
-1936.646
1540.312
2481.868
2198.048
2029.661
98.519
-3932.239
-5078.340
-4289.313
-3537.603
-2247.613
1320.616
2015.784
-429.937
-2759.674
-2825.306
-2568.381
-2002.479
-965.897
418.575
2490.997
2530.191
1977.874
2123.650
3312.065
3612.522
3516.032
3916.124
3987.945
3156.312
377.628
-2738.796
-3066.002
-3099.363
-3564.371
-3751.856
-1363.476
999.412
1244.094
580.905
602.286
1167.573
2735.059
3488.801
3636.523
3432.227
2509.882
871.313
-1608.957
-1844.759
-941.823
-781.896
-1403.859
-1572.114
-1895.362
-2713.631
-2321.775
-1219.594
-351.051
527.244
1377.922
975.124
-1047.236
-1131.518
223.980
1464.731
1300.124
398.770
-134.892
295.321
1963.736
775.530
928.820
46.494
-595.253
-1498.400
-2788.009
-3347.862
-3058.629
-1093.708
310.059
1104.433
1787.474
1602.528
915.095
538.038
-231.134
175.334
1444.412
1681.240
1139.549
504.509
-521.206
-1905.254
-2044.340
-947.404
-555.912
147.362
506.175
208.316
-1382.011
-1230.908
784.711
828.169
654.644
826.966
771.155
371.972
187.794
771.063
1004.618
492.002
999.510
1064.900
305.830
-25.016
-453.749
-835.755
-803.828
7.303
491.036
-291.030
76.944
268.815
366.093
808.817
850.923
74.396
-610.124
-527.721
-150.458
-35.391
202.063
-132.782
-473.940
41.892
357.594
58.800
-153.663
-310.479
-298.539
21.932
-249.259
-459.288
-159.290
-315.254
-714.870
-717.560
-641.454
-408.702
-642.081
-606.936
-7.083
356.619
621.437
280.139
-120.051
428.049
1119.717
1248.960
898.203
322.992
-282.644
-738.787
-488.640
277.191
494.463
-75.285
-401.639
-298.412
122.590
286.254
332.884
-12.099
-758.229
-1092.700
-690.640
50.808
185.597
-207.021
-816.842
-591.670
-201.064
-8.283
-66.974
68.603
-139.729
-43.004
-25.075
427.566
606.135
410.784
569.443
890.291
498.849
-141.223
-288.492
-221.381
-475.689
-290.787
345.656
345.835
-87.412
-122.897
592.957
1424.540
1366.365
328.890
-230.876
-809.327
-1388.591
-1388.778
-870.941
398.189
506.525
-13.098
-608.403
-1111.052
-648.222
1.230
60.957
-102.749
-117.714
-226.021
-42.138
281.521
173.722
23.596
47.908
155.646
17.254
-58.765
203.216
-429.740
-732.787
-565.793
-198.177
409.412
412.506
105.879
170.099
427.748
215.947
-243.371
-379.421
-214.722
13.300
722.786
921.446
548.027
32.434
-317.946
-395.878
-33.187
92.843
95.473
-85.026
-190.879
248.669
751.910
608.964
185.326
-6.720
-442.318
-799.759
-477.913
-322.989
179.246
364.793
-45.689
-328.274
-118.728
338.511
537.407
377.585
110.494
3.048
84.712
144.415
-7.317
-243.615
-375.989
-245.961
-205.962
-92.585
222.584
359.967
441.752
168.013
-56.172
44.888
210.159
164.743
-176.776
-501.428
-297.982
118.122
471.427
128.058
-192.787
-322.706
-292.871
-90.485
-141.684
-20.985
-283.105
-422.943
-226.295
-319.908
-254.974
111.116
70.805
-5.853
-349.718
-421.862
-118.820
342.039
895.312
683.018
106.369
159.967
168.462
104.253
337.043
67.156
84.305
70.984
192.880
269.420
41.405
69.278
86.929
-31.717
273.569
774.632
402.723
-292.161
-305.401
-162.955
-156.726
-217.315
-235.894
25.154
291.125
456.138
553.404
564.704
336.190
-220.370
-85.305
312.820
347.320
-214.856
-447.570
-373.309
-162.236
62.296
168.517
226.336
122.670
-215.147
-343.870
-57.757
132.947
-156.216
-368.403
-324.282
-389.495
-369.984
-238.783
-240.689
-422.517
-134.249
-47.264
71.422
449.246
501.974
318.422
-42.805
-260.040
-98.353
117.371
-117.949
-422.234
-387.532
-198.780
-71.718
-51.213
-118.105
-136.023
153.964
287.790
184.484
-182.578
-156.923
77.671
195.457
220.655
280.545
358.373
399.662
369.164
246.843
136.012
163.018
-154.547
-128.199
-139.838
-168.596
-3.105
285.130
275.887
-106.190
-284.903
-260.882
427.706
552.722
-108.768
-339.564
-187.219
184.477
220.939
69.557
-59.146
-251.938
-356.191
-217.571
-189.131
-149.053
-49.259
1.704
-105.849
165.444
94.826
-92.607
-107.528
-114.923
-88.493
-84.858
106.848
92.749
-54.125
19.708
47.060
-15.646
-106.063
-402.085
-508.003
-247.052
50.937
238.397
366.129
336.997
230.088
228.783
138.764
35.785
-9.681
-93.914
-56.458
75.828
215.414
129.933
47.495
4.373
-16.754
205.495
318.867
-103.710
-362.727
-435.337
-458.322
-156.958
134.175
156.849
173.831
73.096
-39.147
43.102
181.873
