-5.191
-3.660
-1.090
1.899
3.038
3.195
1.490
0.743
-0.780
-0.279
1.185
-0.845
3.617
3.179
9.095
1.906
-0.470
7.849
4.997
21.185
3.875
5.303
6.194
4.335
22.701
21.316
0.985
-6.649
24.534
36.510
4.537
7.878
1.985
32.993
12.915
24.932
19.689
-36.354
8.203
6.581
60.478
-58.973
-33.111
5.978
-20.921
-95.416
-41.371
-30.371
12.753
-82.402
-37.388
59.787
63.962
-101.582
-30.987
87.579
-16.679
-78.729
-78.315
32.382
36.283
71.640
158.233
-86.489
-96.724
-67.700
-28.379
39.779
-56.404
-61.335
-131.689
1.516
-223.754
83.224
170.653
132.172
-136.745
131.915
216.766
-41.015
-285.100
82.250
133.085
65.150
-47.832
-257.736
-55.072
-27.154
10.130
-67.292
190.455
207.682
-47.319
-384.224
-13.184
-148.575
30.070
18.641
-58.636
141.884
226.234
-102.342
14.687
-30.805
-84.905
-104.620
259.839
26.270
-260.971
-225.052
-29.259
452.911
397.109
210.445
-240.218
-187.733
-149.398
-151.137
187.438
44.274
9.955
131.319
269.346
246.098
-4.383
-105.041
-74.571
29.464
254.734
34.970
-102.290
-65.226
167.408
280.566
307.993
136.771
110.938
-169.809
-30.812
48.970
-67.668
-239.984
-145.607
-3.985
79.257
144.237
-65.404
-290.735
-337.510
223.655
342.605
-10.901
-243.687
-134.002
-125.862
144.252
285.183
219.548
-290.908
-169.702
146.451
295.935
172.578
-181.409
-373.516
-151.014
94.020
-28.391
32.314
-150.144
-73.961
-46.091
137.273
-88.052
-180.742
-180.061
77.350
279.211
332.776
3.070
-284.305
-288.285
94.329
135.987
-29.549
80.763
118.230
43.246
309.381
196.093
-66.692
-41.564
64.104
86.197
-243.978
-295.799
-403.889
-26.326
155.961
72.976
-221.598
-381.099
-273.771
-131.950
-99.171
-166.891
-215.239
26.950
70.784
102.198
-334.321
-681.106
-614.696
-483.122
-424.509
-434.179
-764.034
-814.832
-795.621
-512.026
-177.248
-213.936
-127.492
-78.200
-5.902
98.852
604.681
1033.009
1103.801
1237.142
1283.194
1240.348
1204.013
1357.777
972.395
66.207
-60.213
-810.783
-280.271
716.617
1300.292
1523.063
1379.467
927.609
-643.118
-1947.389
-2219.767
-1495.166
-431.123
-219.501
216.812
-138.546
-1670.108
-2675.813
-2381.193
-1561.885
-538.802
-32.157
946.300
-79.238
-891.334
-550.263
-369.270
-537.847
554.030
1651.397
2740.711
1645.641
1241.747
1611.989
595.509
-383.844
-1322.318
-1073.061
746.462
1775.713
2179.243
1556.331
552.628
479.115
291.065
78.681
-25.999
-295.844
-76.908
-393.389
-51.276
546.897
1809.452
1850.217
909.656
986.304
1005.007
917.294
158.600
-1150.007
-1751.754
-1429.137
-927.100
-632.086
-521.384
-525.930
-458.227
-1057.402
-1744.901
-1899.327
-2072.628
-2171.233
-2084.002
-1292.222
13.825
736.362
1323.697
1295.096
833.147
1249.609
1337.594
295.392
-550.636
-491.530
320.619
657.458
1095.005
1159.540
668.503
660.961
537.500
178.710
14.837
-7.870
-574.591
-1256.716
-1694.846
-1454.451
-602.929
214.496
462.783
405.756
99.994
-66.122
-192.610
-159.284
-132.768
-383.306
-373.530
-31.205
434.323
538.214
510.669
30.339
-234.264
180.049
129.097
-267.579
-957.599
-1350.041
-1266.318
-341.890
455.973
592.611
383.829
439.718
486.550
231.737
13.129
-82.769
-221.951
149.309
-117.542
-613.054
-531.778
-127.964
276.701
526.015
647.276
616.008
476.853
480.801
383.659
213.547
-130.106
-490.564
-282.423
-26.793
538.112
816.797
689.844
377.506
-112.027
-321.569
-193.191
208.189
417.327
435.418
480.884
721.567
769.209
407.211
316.533
295.627
199.262
70.100
25.789
74.131
195.031
443.339
628.000
579.210
409.765
118.635
-220.295
-499.316
-813.748
-880.758
-1087.142
-1120.619
-808.067
-595.174
-475.027
-474.837
-651.148
-950.926
-1030.883
-1067.229
-1131.074
-901.163
-796.331
-581.541
-92.934
-2.508
-432.016
-615.995
-405.257
-401.204
-433.840
-370.162
-227.570
-254.805
-120.299
204.204
424.050
633.214
821.062
932.910
992.111
728.403
396.976
218.310
224.701
397.761
465.595
357.216
353.550
372.977
600.586
638.300
965.511
1014.198
763.853
541.124
195.876
-274.997
-588.564
-453.960
-464.170
-333.515
207.787
477.328
561.888
149.929
-454.057
-692.737
-481.878
32.575
421.492
524.823
459.399
540.104
180.193
-234.708
-413.703
-246.270
-110.516
170.955
78.469
21.417
112.744
-199.806
-471.532
-492.578
-166.504
137.522
507.563
596.414
403.793
220.450
546.181
805.664
619.267
348.053
262.858
68.070
-121.469
-114.485
-63.089
-23.484
-149.192
-365.836
-379.073
-411.059
-403.942
-253.265
-180.195
-540.933
-779.506
-648.656
-811.955
-658.229
-788.487
-841.350
-723.865
-603.128
-444.534
-189.951
-46.012
138.048
114.818
-57.028
-68.235
-60.253
-101.349
-66.557
223.439
571.882
675.847
531.577
450.981
3.038
-201.064
-168.246
-291.925
-431.327
-310.336
27.581
94.742
275.109
371.591
305.100
439.453
441.244
626.881
729.788
535.071
107.204
16.439
-57.397
144.276
32.899
-229.180
-397.765
-261.808
-365.403
-485.729
-558.729
-619.790
-588.705
-287.603
93.528
472.706
727.278
690.870
762.794
863.013
947.268
701.849
577.236
471.882
350.360
97.660
-126.610
-288.983
-211.852
-381.342
-549.588
-599.795
-339.283
-95.531
29.489
104.544
20.319
-240.960
-318.077
122.981
452.142
438.065
122.189
-68.554
42.138
304.870
352.180
361.387
398.654
486.320
511.226
110.776
-286.949
-522.117
-525.286
-402.924
-179.470
-282.712
-736.782
-890.864
-958.244
-883.385
-689.448
-570.495
-612.322
-365.844
-49.699
-0.442
-27.215
39.444
127.585
121.569
363.144
298.559
-16.742
-256.269
-141.287
-5.608
45.552
-32.099
164.852
195.372
48.044
-236.468
-391.508
-383.682
-298.260
25.481
456.901
872.501
1168.443
1403.554
1279.106
966.729
948.557
1130.500
1026.884
628.523
264.809
-17.851
-119.772
-327.588
-319.077
-315.447
-527.921
-851.137
-699.796
-482.953
-679.861
-900.405
-1075.454
-923.012
-544.390
-119.637
251.058
459.995
272.641
93.991
8.216
-41.635
36.157
255.378
223.924
241.132
293.031
232.737
191.766
-137.054
-275.886
-330.571
-479.676
-587.000
-541.401
-435.053
-577.061
-96.417
495.232
505.189
272.144
-52.126
-279.669
-190.651
-176.048
-122.296
-84.517
-169.139
-284.804
-528.905
-453.532
-178.148
-7.777
169.629
456.593
631.328
503.620
275.044
87.608
-133.396
-145.895
-21.005
62.537
280.658
503.916
461.018
346.365
355.579
402.195
348.475
101.456
-297.162
-559.903
-523.997
-304.337
-53.146
197.583
291.541
518.653
545.252
411.062
75.656
-290.184
-204.018
60.647
212.683
242.013
214.273
133.693
44.666
-60.655
-251.069
-254.047
43.008
322.219
293.120
232.052
118.465
4.294
-136.432
-14.562
39.073
-19.465
-79.683
-132.033
13.791
250.489
285.127
377.506
168.020
-72.417
-316.027
-326.691
-245.739
-159.871
-232.844
-419.217
-495.222
-522.161
-571.231
-607.432
-403.111
-111.785
-162.909
-232.190
-84.327
188.505
293.128
260.573
132.629
160.660
194.675
144.291
-60.955
-84.452
4.328
-31.095
-108.709
-144.963
0.698
53.294
75.392
78.572
85.106
63.681
27.994
235.506
245.523
258.166
91.217
61.233
295.629
491.762
400.302
215.366
235.565
265.798
311.906
239.325
79.913
-75.118
-157.072
-234.745
-269.306
-336.224
-396.532
-468.401
-488.047
-515.739
-386.974
-371.767
-375.326
-279.308
-169.299
-159.575
-235.207
-247.740
-193.938
-45.771
13.833
159.118
265.309
195.530
149.942
139.849
151.288
-108.942
-250.455
-274.618
-207.451
51.404
334.692
434.830
356.032
317.026
231.767
128.626
88.348
169.024
274.422
315.699
412.111
484.336
549.923
497.115
285.738
27.097
-132.650
-247.923
-317.099
-275.901
-321.785
-345.567
-416.574
-350.666
-229.164
-125.170
-170.632
-266.116
-251.926
-71.358
152.377
227.709
205.844
188.419
191.893
240.761
283.626
201.480
133.798
100.705
-17.313
16.583
88.913
12.753
-98.366
-222.962
-181.384
-208.168
-247.955
-325.953
-348.550
-378.087
-398.370
-319.731
-300.571
-249.787
-122.008
-23.298
10.190
-3.896
-51.530
-53.017
-28.284
-6.267
46.724
139.162
159.943
128.887
164.258
223.449
336.397
366.532
415.457
438.978
298.146
149.780
56.378
102.155
122.529
-1.370
-116.117
-59.236
-106.367
-236.807
-311.528
-283.861
-173.183
9.384
134.650
163.759
94.972
42.472
-40.241
3.567
111.644
221.770
296.749
261.073
201.746
229.941
217.618
263.530
226.383
248.817
220.964
196.224
146.610
85.734
-2.877
-0.719
32.956
10.260
-32.420
-57.523
-84.865
-146.857
-165.503
-72.408
75.964
28.562
-137.318
-267.936
-271.590
-205.410
-292.186
-361.305
-446.493
-461.091
-468.977
-370.059
-292.549
-333.866
-352.464
-264.407
-153.362
-147.238
-228.984
-182.477
-57.471
70.199
93.512
116.682
208.165
219.095
142.226
14.403
0.227
95.601
174.825
229.586
219.637
226.639
203.127
152.212
117.433
132.395
124.427
95.746
34.774
25.690
49.160
120.359
167.856
199.646
255.260
241.171
269.510
261.842
275.499
223.807
114.441
75.505
80.303
62.788
40.990
-20.079
-107.527
-193.559
-350.056
-434.924
-410.003
-405.302
-433.439
-443.825
-377.065
-319.238
-329.021
-348.992
-341.151
-286.734
-292.730
-255.435
-144.879
-39.556
68.951
147.575
182.763
211.518
230.283
225.872
176.519
254.578
298.046
262.177
223.253
208.777
236.256
253.364
267.502
272.623
282.368
315.411
318.392
323.284
352.054
354.118
336.802
332.661
347.272
371.670
291.161
206.730
156.570
151.539
190.913
188.048
133.239
41.366
-34.764
-88.466
-74.011
-56.699
-146.822
-256.499
-258.086
-200.523
-188.581
-244.273
-303.845
-285.341
-277.846
-287.883
-346.673
-338.220
-349.345
-375.550
-415.972
-409.339
-311.527
-255.998
-213.664
-182.815
-187.051
-160.011
-157.339
-172.157
-153.705
-114.436
-105.904
-89.216
-78.315
-15.071
90.550
127.109
154.816
172.997
175.157
147.774
109.405
79.225
136.727
222.063
260.895
250.894
193.345
103.971
36.489
65.121
36.133
76.194
91.005
93.423
64.899
81.043
86.865
64.611
96.392
89.831
51.893
33.843
3.146
33.255
72.557
79.356
88.087
103.083
70.078
67.770
48.331
55.009
74.845
86.364
25.293
10.856
-46.488
-62.870
-124.406
-169.151
-189.342
-187.572
-154.369
-139.426
-109.907
-141.872
-157.616
-193.543
-225.468
-214.423
-247.866
-242.105
-214.490
-211.248
-178.519
-124.566
-35.540
24.446
0.134
-18.777
3.927
52.393
78.046
49.937
95.512
166.384
212.443
260.127
269.843
244.388
207.481
202.420
212.577
200.551
253.887
211.567
179.233
162.799
123.250
117.550
138.809
137.644
75.292
-9.105
-38.401
7.068
10.799
-4.226
-74.404
-109.411
-143.693
-198.964
-224.772
-217.982
-132.510
-104.422
-62.086
-45.408
-53.117
-112.988
-130.729
-107.872
-44.166
-11.873
-4.006
57.718
99.014
101.838
108.952
100.721
64.855
65.754
32.373
5.122
38.157
90.655
128.823
105.776
98.185
79.304
67.754
30.076
-37.775
-16.279
30.804
26.177
-7.871
-46.041
-48.334
-57.397
-45.006
-23.846
15.097
37.080
-29.621
-103.699
-165.372
-200.214
-221.663
-230.648
-243.812
-251.437
-197.241
-157.034
-80.026
-94.681
