4.921
3.797
3.261
2.201
1.822
1.307
1.773
2.941
4.887
6.072
2.711
7.824
2.424
1.812
2.541
4.741
15.815
1.598
11.018
-3.281
4.424
2.630
0.321
3.352
-13.636
2.414
4.108
21.901
-8.347
11.356
6.696
6.288
-20.489
-13.602
0.855
-38.140
-24.281
31.169
67.101
-5.386
18.649
19.823
20.320
22.918
105.438
90.105
-59.792
-23.747
-4.952
91.805
-16.850
-13.165
29.594
-11.649
-82.271
-64.256
76.375
-15.349
13.607
52.377
59.055
59.525
-125.837
-81.395
-14.128
130.538
151.343
-10.002
45.230
-88.058
-0.530
173.595
225.847
100.578
-112.611
-22.820
-24.351
-10.791
-159.055
51.262
-19.529
-53.760
-3.036
70.010
-20.544
124.717
110.066
81.498
231.920
-57.923
-264.891
-357.550
-175.755
210.192
174.341
99.074
-111.853
67.921
132.083
33.083
-267.372
-225.619
-156.975
-358.176
-66.501
-62.125
36.037
-47.691
-7.504
147.262
25.246
-150.125
-364.301
-242.676
-152.300
-6.995
109.894
123.677
58.872
241.823
146.741
193.439
55.454
221.629
-13.043
31.050
31.521
11.084
-90.480
-31.807
-109.986
-49.459
70.596
-31.968
-24.951
-37.057
176.853
37.653
9.518
64.120
62.069
-2.427
150.538
136.084
-78.920
-209.846
-232.294
153.514
223.520
128.169
-154.963
-164.028
-258.965
3.127
97.780
33.802
-111.967
-201.994
-36.448
39.519
-54.414
-181.001
-318.616
30.381
312.845
332.151
-115.367
-225.541
-28.527
-31.432
69.827
48.666
260.024
182.268
158.493
146.974
-29.970
-240.246
-273.754
-101.383
-149.866
7.454
-52.154
-12.106
50.283
-4.628
12.596
7.504
-434.200
-390.366
-222.512
-242.471
-25.823
-187.169
210.931
225.797
281.868
251.506
326.405
253.801
133.680
133.898
103.010
18.303
-22.890
-121.020
-168.959
-385.474
-278.288
-73.682
195.810
423.106
272.609
62.783
-137.480
-184.148
103.054
314.219
277.062
-109.164
-634.733
-998.020
-1310.320
-1378.380
-1257.393
-894.951
-427.788
-173.757
56.663
95.881
363.441
781.817
1073.311
1213.026
1356.967
958.498
469.911
359.286
-172.084
-688.299
-955.078
-1105.825
-1203.744
-1287.876
-1238.520
-1087.987
-1030.995
308.651
2017.670
2966.406
3138.613
1930.519
245.292
-1332.189
-689.261
1769.854
2810.485
2787.832
450.440
597.218
1241.077
411.894
-1076.958
-1376.614
-967.433
-886.282
-925.936
572.143
1676.655
1643.167
-684.702
-2537.671
-3001.382
-2187.257
-119.992
-67.108
-835.028
-1373.963
700.664
559.233
591.246
121.826
-1061.920
-586.508
59.275
-325.278
-577.610
292.299
458.275
515.758
490.483
96.773
-43.209
-11.775
136.220
443.025
132.894
-549.557
-500.401
-722.317
-120.489
1206.973
1724.997
1105.216
620.605
823.049
854.809
508.860
-86.921
-428.962
-167.913
128.108
-150.041
-650.474
289.032
632.843
715.151
488.509
322.536
501.045
417.662
544.722
404.614
36.871
-37.590
-5.842
-188.191
-422.706
-1004.223
-856.382
-549.975
-737.659
-1013.330
-901.108
-615.418
-927.392
-1362.379
-1558.545
-1481.681
-1226.664
-1431.269
-1641.112
-1283.272
-723.997
-681.422
-656.676
-398.833
-1.608
225.702
414.790
353.986
127.361
730.381
1217.766
1481.431
1587.217
1828.438
1510.305
813.597
-157.570
-393.847
-274.016
-4.140
300.412
293.622
402.985
314.888
4.523
-216.626
-242.241
-7.870
193.758
335.056
467.457
734.029
874.589
656.096
111.727
263.852
720.513
817.937
881.879
1006.897
829.804
529.906
-32.303
-458.818
-680.270
-779.129
-805.269
-802.254
-243.072
259.889
317.618
14.755
-517.909
-973.041
-1198.695
-1127.201
-612.343
-105.451
523.043
967.769
1174.241
1080.308
914.995
490.901
276.900
116.191
-54.889
-157.988
-385.688
-320.446
-288.301
-257.950
-92.943
-163.565
-219.163
-122.657
-246.752
-591.124
-955.598
-1086.560
-730.364
77.287
589.500
649.928
443.101
266.146
445.834
114.213
-224.291
-639.076
-759.434
-863.464
-784.510
-465.692
-280.069
-348.934
-517.758
-550.033
-487.419
-535.737
-505.513
-770.174
-937.289
-752.914
-382.198
76.001
408.944
605.696
837.102
1036.317
1127.973
1284.668
1647.598
1438.775
960.514
696.704
284.718
33.647
139.462
279.110
331.457
503.139
548.312
252.852
-165.132
-445.422
-212.228
-140.345
-175.140
-129.293
487.771
852.226
848.934
598.928
329.156
252.070
-25.991
-322.500
-448.453
-469.578
-851.461
-909.152
-875.180
-625.863
-251.801
-8.401
63.367
-130.904
-74.812
-169.239
-23.350
11.013
-9.787
32.980
134.635
-63.944
-345.292
-532.487
-618.327
-385.299
107.366
488.826
473.242
283.066
135.985
172.800
546.264
514.853
71.404
-519.675
-565.486
-298.461
83.197
317.748
287.027
187.686
-7.552
-277.405
-392.207
-649.127
-1035.386
-1015.772
-738.961
-380.901
-377.778
-515.119
-371.901
-141.486
29.668
70.134
199.851
462.950
528.133
503.089
585.170
565.600
483.016
508.607
448.116
180.754
57.049
112.371
-61.325
-526.125
-621.146
-408.159
-181.111
54.680
-24.909
-236.507
-347.748
-404.603
-359.558
-421.238
-258.636
170.019
205.151
101.328
165.411
375.143
477.836
371.113
338.876
227.722
262.198
477.004
761.723
906.315
736.406
386.828
149.043
-52.342
-191.133
-144.879
-110.425
23.611
327.689
489.727
333.884
127.369
-226.944
-393.041
-379.800
-334.333
-468.723
-969.924
-1296.412
-1296.704
-1066.253
-709.149
-390.353
-92.657
42.704
13.981
-15.178
-163.342
-130.614
-150.368
-34.857
46.158
-43.071
32.813
252.308
487.643
592.933
635.356
579.072
541.518
479.258
364.485
264.239
240.306
218.808
218.292
133.652
9.011
-4.435
8.848
79.989
310.503
328.945
495.953
345.444
282.548
272.517
123.561
-234.820
-505.929
-506.745
-409.239
-102.711
104.722
-35.553
-43.460
128.125
430.186
644.747
595.394
428.707
342.201
332.383
105.851
-77.638
-102.130
-86.393
-109.358
-148.920
-293.642
-479.273
-591.082
-830.894
-1021.545
-846.439
-467.696
-301.239
-189.501
65.646
31.971
-191.161
-391.812
-410.949
-7.300
199.324
47.208
-37.794
39.348
104.754
111.495
179.181
233.591
102.798
-60.786
-237.466
-176.786
-278.927
-206.843
-40.012
349.858
565.297
531.146
492.091
540.315
534.383
637.502
760.274
716.474
280.046
177.084
287.116
378.579
35.961
-250.951
-361.787
-254.395
-83.811
-103.998
-335.411
-288.309
-267.286
-240.762
-33.234
96.992
54.503
-16.437
131.528
258.641
180.235
105.467
202.342
150.025
-117.722
-47.626
-159.706
-167.356
-331.818
-497.101
-527.636
-504.789
-344.801
-461.350
-785.412
-759.199
-357.132
-103.757
-219.830
-114.132
281.677
606.342
498.775
243.478
214.985
99.552
63.291
136.094
126.786
206.680
235.944
34.366
-103.454
-7.761
186.606
69.202
-248.478
-420.481
-351.869
-151.603
2.936
-6.280
45.089
138.469
260.369
377.949
414.077
383.897
179.944
94.550
120.557
368.878
368.239
211.834
9.515
-150.110
-252.162
-205.846
-210.898
-294.344
-326.024
-336.904
-315.359
-122.244
14.922
-56.068
-133.051
-110.883
-89.588
-1.945
154.912
181.916
112.600
-88.840
-271.017
-197.575
-169.880
-178.347
-139.137
-54.826
-16.436
-38.838
-89.222
-138.882
-91.088
88.960
174.571
220.967
180.849
67.265
-61.078
-13.848
76.318
31.553
-109.841
-203.330
-278.176
-238.983
-206.139
-234.753
-190.286
-186.520
-141.180
-252.434
-356.054
-342.393
-308.338
-253.673
-84.057
132.075
351.941
517.249
551.959
460.622
321.558
200.719
89.405
111.719
206.235
420.371
610.224
676.345
606.467
450.202
212.955
74.239
-32.993
-53.593
76.436
-2.510
-20.116
0.746
196.802
321.940
395.684
390.967
169.448
-22.034
-23.109
42.705
-6.339
-76.877
-22.285
20.043
84.465
98.195
-90.325
-355.236
-551.695
-594.068
-547.185
-423.676
-419.513
-562.795
-601.805
-477.357
-270.993
-81.090
-41.928
-156.482
-266.834
-291.922
-365.581
-379.041
-259.093
15.689
170.162
297.931
318.579
351.863
311.653
145.766
-28.878
-167.680
-248.762
-183.322
34.734
226.950
390.653
439.479
415.248
476.557
452.038
440.238
361.774
307.428
261.322
193.468
255.551
227.413
237.927
199.204
222.515
201.101
151.550
34.146
-35.040
-25.013
-27.627
16.625
68.240
62.094
-44.337
-136.763
-165.328
-150.018
-267.727
-326.579
-347.274
-393.773
-411.511
-434.093
-405.063
-334.698
-236.764
-66.224
-77.384
-177.298
-176.542
-54.821
-54.121
-129.325
-147.188
-205.593
-171.848
-95.546
41.374
92.780
101.281
138.981
76.791
-17.775
-56.966
-21.776
-0.089
29.285
66.238
24.284
42.294
76.359
154.599
175.054
204.758
247.491
183.145
95.014
4.077
65.027
125.002
165.767
208.639
210.140
224.121
257.606
185.349
134.774
151.148
188.612
100.050
39.799
43.342
21.417
-79.239
-112.852
9.758
50.946
-83.953
-151.592
-135.105
-121.750
-110.563
-108.686
26.828
56.979
47.743
107.957
188.759
91.688
-76.568
-120.822
-11.534
71.747
14.462
-14.588
32.000
38.662
14.816
-15.090
72.293
102.750
-7.062
-161.793
-278.045
-297.387
-255.323
-236.322
-211.505
-69.545
13.103
56.654
113.963
163.388
175.460
96.373
-41.649
-93.999
-67.874
-59.502
-34.202
-123.656
-232.109
-244.806
-229.865
-224.874
-306.447
-347.212
-335.545
-275.600
-247.814
-218.763
-252.298
-258.677
-179.541
-121.256
-84.441
-77.929
-38.435
17.307
44.388
106.338
161.722
184.170
197.363
265.121
318.582
376.356
311.805
180.836
106.017
169.147
231.393
222.343
175.480
81.926
58.205
64.345
61.408
85.482
151.189
207.943
257.550
302.771
292.779
295.261
311.135
314.943
313.420
253.707
226.236
241.830
218.023
151.388
90.336
7.826
-65.803
-119.205
-177.981
-182.530
-180.274
-240.435
-264.844
-327.258
-300.972
-290.729
-305.605
-244.257
-227.902
-218.334
-231.358
-223.475
-157.172
-115.257
-124.872
-137.169
-113.991
-98.834
-132.619
-166.025
-128.770
-85.132
-66.023
-95.044
-59.842
-46.355
-33.947
-72.965
-36.868
118.335
189.211
239.572
246.861
290.327
260.123
210.853
194.173
215.793
204.223
118.280
34.852
-22.824
22.183
-11.393
-113.074
-215.333
-241.841
-220.615
-185.896
-138.594
-126.294
-78.647
-24.976
-13.108
70.090
116.350
105.941
82.931
130.690
121.485
176.090
189.862
186.418
200.352
247.860
231.563
223.792
194.778
192.375
177.408
123.093
42.979
-21.800
-134.865
-132.719
-156.453
-168.802
-187.783
-230.794
-193.873
-232.242
-278.592
-327.043
-304.143
-224.727
-182.546
-174.200
-120.986
-50.347
-116.612
-118.329
-48.774
-36.121
1.352
-29.438
-41.964
2.495
61.050
74.097
87.856
71.104
49.246
62.478
71.969
93.521
87.211
54.952
78.888
161.628
210.212
180.061
193.808
198.509
185.422
134.073
99.191
66.068
106.348
65.534
15.153
-7.606
-34.588
-35.402
-156.494
-125.143
-110.752
-112.579
-99.752
-81.367
-12.413
5.836
-2.965
-16.509
-53.974
-27.367
1.998
54.306
67.775
81.877
66.815
65.850
70.567
69.300
94.263
90.197
40.391
-17.600
-41.564
-79.422
-56.782
-98.637
-17.895
-15.974
-39.463
-42.436
-55.328
-12.954
-36.944
-51.810
-114.332
-106.050
-97.249
-103.146
-134.671
-162.715
-192.171
-207.030
-231.149
-228.736
-186.452
-168.086
-156.745
-153.171
-245.740
-243.962
-227.390
-190.709
-138.466
-78.156
