-0.635
-0.622
-0.615
-0.602
-0.595
-0.588
-0.582
-0.562
-0.562
-0.543
-0.529
-0.516
-0.549
-0.449
-0.456
-0.483
-0.449
-0.416
-0.648
-0.609
0.020
-0.390
0.179
-0.800
0.218
-0.688
-2.136
1.481
-2.202
1.210
-0.324
0.165
2.064
0.265
-1.938
-0.073
-0.040
3.194
-2.738
2.884
-1.171
-1.263
-3.386
0.463
1.627
6.144
-2.837
8.029
5.972
3.750
-6.402
-4.167
-4.352
-10.278
14.246
2.844
10.668
8.803
-1.369
2.936
-11.296
1.739
-6.826
7.771
6.442
-13.532
8.121
-6.799
17.129
2.367
3.717
15.714
-1.369
22.804
-12.156
-4.048
1.363
-11.885
0.483
12.090
15.946
25.106
0.470
7.381
-26.032
25.463
-2.010
-23.981
1.581
40.972
-4.709
43.637
-52.228
24.298
-20.562
15.721
17.599
25.152
-52.189
24.034
-51.230
-0.628
19.557
51.388
-6.977
-12.943
42.956
8.135
-18.372
-50.932
-45.753
49.609
11.290
3.208
-84.635
16.647
-10.820
4.755
-1.686
34.027
79.357
-78.941
9.537
-39.424
-21.210
35.383
-109.694
-23.009
74.550
75.608
43.161
34.497
-108.941
35.112
-23.710
10.225
-84.344
45.925
-32.420
-26.667
-96.930
37.387
85.231
-73.544
100.911
-39.338
119.311
-73.173
-21.124
-20.417
-10.430
-24.464
58.088
34.649
-15.093
-51.884
75.978
42.486
-35.548
90.482
4.418
-92.360
-126.070
8.281
41.090
19.166
12.143
48.961
92.254
41.250
-54.787
10.324
-7.830
9.703
-4.967
-84.258
162.299
-9.180
78.504
-52.572
-78.392
47.618
-1.303
71.567
62.949
-32.638
61.434
28.214
39.569
13.128
-64.807
68.928
110.521
120.309
-70.469
-75.634
-73.074
58.524
-48.961
-16.289
-45.516
81.494
23.068
35.204
93.253
105.171
19.180
-74.503
-10.060
36.785
131.486
-8.452
-121.222
-18.823
18.922
-41.177
61.150
175.249
162.009
-0.886
-217.107
-94.297
-26.746
60.211
-43.763
-36.719
5.192
118.576
-42.890
-144.548
58.994
116.361
133.471
130.468
-107.446
-154.489
-12.162
-6.323
134.992
50.786
19.616
-8.168
152.108
138.477
114.780
1.131
-48.438
-79.681
-159.680
-84.053
-92.671
160.500
58.366
75.872
-38.789
-104.007
-239.342
-334.949
-311.292
-383.778
-271.101
-247.001
-107.723
-262.880
-312.714
-161.598
79.384
142.948
100.858
227.213
-99.476
146.394
255.439
257.569
-250.169
-450.960
48.736
314.962
353.990
-118.947
-338.766
20.582
369.360
173.146
-226.492
-443.314
-256.604
-219.858
-282.219
-234.812
-43.776
-4.418
41.633
270.625
444.160
514.147
429.419
471.403
412.971
3.935
-38.214
-176.665
-170.970
-163.549
-90.825
-142.280
-124.066
-19.418
183.284
308.448
222.748
14.173
-38.981
57.737
302.318
164.019
8.426
94.000
-23.856
-194.607
-261.240
-183.093
63.881
21.289
207.140
339.791
110.918
-193.178
-184.376
-7.903
169.872
129.562
46.686
-22.030
-12.123
-44.609
-135.058
-291.471
-29.358
265.387
513.433
381.417
249.382
15.066
209.488
110.865
190.202
74.020
224.031
297.919
330.320
291.715
26.256
27.182
-201.287
-257.576
-441.469
-730.863
-801.305
-838.176
-743.773
-564.529
-312.350
-250.850
-147.201
-184.965
-152.967
47.083
-172.220
102.228
264.143
587.102
397.673
-53.386
-341.001
-350.439
-151.817
-29.087
-131.281
-329.460
-286.769
-187.524
-222.768
29.702
402.442
31.005
-160.613
-379.003
-386.278
-458.479
-50.304
180.467
163.648
98.001
342.211
177.266
-166.870
-266.021
-101.348
113.067
80.885
230.989
69.496
-121.434
346.596
164.501
280.896
144.264
-63.194
-151.956
150.950
491.475
510.833
-143.040
-605.501
-478.651
-549.265
-336.768
266.286
304.248
109.383
-58.372
-2.176
550.568
727.669
705.334
297.072
132.981
109.588
383.480
18.835
-138.438
-415.702
-480.926
-448.347
-546.738
-612.247
-154.906
62.513
113.378
6.137
67.400
208.324
373.401
449.280
186.387
180.990
165.805
330.624
97.809
30.059
89.390
-45.422
457.639
330.081
312.542
148.602
-554.649
-88.914
-177.154
-145.534
-39.404
13.095
85.429
180.421
-581.725
-93.206
-96.976
455.338
212.729
230.460
201.029
441.118
-119.740
-235.182
-307.079
-263.852
-154.859
-219.177
-379.598
-423.367
-236.339
192.894
466.872
30.191
-113.947
-263.607
38.307
262.080
206.717
-132.597
-214.217
-169.263
-91.599
-243.568
105.481
-10.853
208.271
317.575
298.984
186.896
63.134
58.505
119.972
139.615
-159.548
-315.585
-525.423
-284.222
20.231
-78.028
137.220
284.017
271.432
55.746
-21.329
-47.136
10.582
61.322
38.531
134.376
157.882
52.374
-371.629
-250.532
63.968
273.912
168.431
-200.890
64.761
-66.282
158.073
-171.221
-283.442
-219.071
-451.112
-395.259
-56.620
540.694
691.102
439.750
-7.024
-193.079
105.786
264.726
-6.396
-134.469
-299.513
-74.734
192.510
83.703
-153.351
-338.600
-263.965
215.454
406.562
81.798
-102.241
-17.698
224.501
250.975
332.112
245.976
139.403
-32.050
-12.328
81.626
8.690
85.204
281.067
276.068
317.185
342.323
-66.778
-318.402
-586.712
-603.563
-557.307
-109.404
-21.865
-118.398
-164.568
10.205
273.184
423.414
454.683
208.939
70.178
204.210
386.582
-13.981
-476.501
-689.667
-498.644
-291.200
-133.748
-27.043
89.218
300.102
114.469
105.204
334.427
507.559
560.078
366.747
424.882
248.131
389.519
200.996
-463.505
-707.656
-713.667
-151.777
9.279
52.565
177.227
235.744
329.004
164.879
250.030
397.078
247.219
-194.614
-605.025
-696.968
-137.855
122.055
462.044
662.954
198.469
-642.802
-670.156
-288.977
187.431
386.867
351.609
-68.630
189.098
-16.124
-188.615
-306.616
134.475
54.662
-314.024
-583.120
-291.550
485.708
630.924
520.145
-361.529
-851.252
-610.316
-142.782
165.791
117.598
-247.741
-769.732
-460.926
413.903
427.567
423.116
-118.080
-844.579
-1008.069
-482.751
83.828
-278.825
-446.707
-544.192
-0.284
626.632
769.751
482.692
-340.935
-268.766
44.279
149.866
163.258
360.464
252.556
252.437
391.159
564.893
504.061
433.533
3.479
-455.927
-971.984
-785.254
246.419
119.185
-181.625
-422.904
-872.329
-215.473
84.013
138.934
240.327
73.828
184.283
306.153
266.008
-50.939
-320.631
-436.932
-471.131
-350.445
-3.909
266.365
-55.568
-300.796
-37.771
505.185
593.848
616.791
536.666
767.205
771.002
861.378
710.096
728.826
597.432
221.981
31.065
-37.182
-74.536
-203.814
-211.472
-178.463
-408.619
-261.332
0.298
-162.127
-332.310
-553.280
-558.418
-432.250
-276.603
17.526
-212.081
-264.560
-140.931
-224.018
-256.624
-104.675
7.864
-47.585
-21.111
-52.671
18.029
24.768
-149.059
-81.011
-43.088
-28.128
-77.678
-103.107
79.893
-139.059
-86.692
-25.324
81.811
-81.725
-174.912
12.056
81.950
185.355
157.471
123.345
-8.049
-238.271
-248.899
-216.280
-111.844
-148.529
-52.565
85.449
72.797
163.549
89.913
98.603
-26.746
190.050
188.404
302.694
224.329
-273.039
-319.367
-141.764
-52.156
-10.483
-4.914
-141.850
-171.611
3.822
70.918
66.718
125.554
56.944
98.801
-20.516
9.748
34.008
79.060
100.270
138.589
163.119
140.580
138.636
127.115
195.619
208.853
355.782
235.553
227.642
140.825
-165.084
-74.318
-2.996
-39.702
-67.010
-87.856
-62.347
-181.274
-9.431
383.441
231.968
-155.275
-259.038
-105.164
-10.939
25.324
25.324
18.075
-24.418
13.472
150.626
158.351
159.416
126.335
171.082
247.470
203.112
189.839
161.737
133.722
8.142
-136.182
-143.345
-139.476
-192.306
-213.331
-252.523
-293.647
-400.927
-308.964
-288.389
-383.718
-101.473
115.614
7.731
-213.688
-142.869
-23.961
-27.976
20.443
131.414
173.788
-153.457
-221.459
-170.097
-171.393
106.586
121.970
-115.918
-140.646
-59.801
27.367
110.587
106.500
82.506
16.118
-20.013
-10.641
33.862
61.507
-49.914
-220.804
-113.953
-111.216
-271.378
-422.474
-351.748
29.490
95.620
-227.860
-171.539
88.253
183.357
213.112
294.540
450.735
442.613
274.355
95.945
142.915
23.327
-1.323
5.371
32.625
114.026
-24.464
-54.913
-64.734
-85.210
-102.776
-177.365
-135.422
-135.488
12.870
128.371
123.682
32.744
18.247
-15.998
-89.172
-82.393
-125.058
-96.765
-110.819
-98.286
-23.545
25.304
122.730
351.701
553.319
353.283
398.685
424.690
412.355
302.946
186.227
129.628
125.203
67.162
-9.312
-44.298
-182.914
-134.701
15.780
39.259
-39.239
-27.275
-60.905
-47.016
-79.695
-77.413
-82.988
-63.590
-14.021
33.829
29.199
-53.181
-71.348
-87.545
-65.323
-68.967
-110.779
-165.361
-208.939
-209.243
-291.445
-301.848
-188.536
-95.310
-59.556
-57.492
-6.409
103.920
179.806
195.235
237.887
295.439
326.696
376.476
408.599
416.509
242.967
11.290
-54.801
-45.443
-108.213
-195.632
-244.342
-226.677
-204.369
-258.991
-238.045
-229.296
-198.569
-191.333
-139.237
-116.705
-75.521
-48.035
2.851
49.761
54.609
32.096
36.997
48.220
69.602
56.157
36.217
11.541
13.340
4.709
-19.616
-0.066
15.734
143.536
79.840
134.092
10.628
25.641
-83.445
-148.854
-15.211
-95.343
-210.606
-354.341
-353.904
-271.517
-261.683
-318.429
-371.569
-390.173
-379.909
-266.260
-139.390
-35.409
-19.517
37.017
74.933
99.450
87.585
114.304
161.222
193.199
221.809
249.574
296.372
329.579
330.015
340.121
358.633
360.723
393.361
387.977
385.180
414.485
388.645
341.556
270.783
243.714
184.958
125.051
96.189
56.514
49.246
21.580
7.764
3.512
-15.859
-18.995
-14.715
-22.599
-32.103
-63.207
-101.440
-116.189
-174.720
-215.261
-255.188
-332.046
-428.962
-442.547
-426.820
-441.317
-496.422
-581.136
-667.636
-694.779
-653.411
-563.749
-495.000
-467.950
-387.481
-315.089
-246.194
-205.123
-152.114
-77.532
-32.844
-5.079
26.540
59.986
86.672
135.150
149.443
139.092
124.257
122.631
146.533
151.566
156.023
147.108
146.043
156.559
138.226
154.819
123.199
95.270
102.644
87.969
70.277
81.441
97.148
87.737
73.570
44.120
66.196
81.811
98.279
168.304
192.537
177.504
178.153
184.859
180.064
150.084
140.448
106.024
96.103
72.387
33.736
9.583
-41.553
-47.691
-55.634
-47.387
-71.666
-64.238
-56.805
-55.588
-51.534
-39.649
-29.232
16.455
72.420
109.979
110.627
89.179
104.807
119.535
152.961
172.947
127.545
123.821
122.036
91.282
43.710
7.355
-16.098
-17.242
4.616
18.287
55.601
41.415
-58.418
-80.177
-46.772
-6.574
42.757
86.235
78.213
-34.405
-95.607
-93.425
-93.755
-65.263
-48.795
-52.182
-46.580
-57.440
-79.397
-75.303
-64.748
-33.399
-9.781
9.861
16.521
-6.699
-31.818
-49.192
-67.367
-74.860
-93.616
-101.778
-89.814
-77.347
-53.392
-26.216
6.018
36.262
44.947
42.579
48.538
52.942
60.310
74.543
85.640
105.177
148.695
197.002
229.950
247.861
278.006
352.284
389.280
354.830
327.582
308.918
277.252
265.929
258.733
248.766
227.140
209.719
198.979
206.492
217.100
220.963
223.357
195.507
192.564
196.770
196.717
199.151
187.213
163.166
148.199
138.762
148.503
162.094
175.454
187.061
180.064
170.368
168.589
180.983
207.940
251.558
287.383
312.595
314.692
289.533
240.275
222.642
235.586
214.892
194.746
168.126
143.980
116.877
83.875
69.887
50.925
17.380
7.658
-10.251
-13.684
-8.465
-16.640
-22.169
-34.940
-44.239
-52.314
-49.860
-61.653
-75.528
-86.586
-88.616
-107.684
-121.189
-137.703
-172.928
-240.407
-357.449
-527.889
-717.702
-727.576
-605.190
-713.761
-772.708
-860.028
-913.149
-917.897
-954.557
-972.335
-925.034
-845.180
-796.795
-732.067
-655.897
-591.678
-523.657
-450.259
-378.130
-322.198
-267.754
-210.758
-157.055
-104.152
-55.680
-14.332
15.707
38.875
50.297
54.669
58.266
40.621
20.621
-3.810
-25.985
-31.864
-31.838
-14.358
9.054
33.921
49.021
58.551
66.540
78.121
74.298
81.044
89.192
95.131
124.840
153.219
166.870
149.165
164.647
201.975
244.269
293.501
386.701
351.861
289.163
343.382
357.416
345.458
325.121
312.582
302.919
296.339
289.169
274.117
244.765
193.318
144.528
107.293
79.364
74.701
82.757
88.874
77.042
43.670
20.072
24.272
17.281
2.037
-4.557
-18.267
-31.230
-36.686
-35.681
-29.755
-11.376
7.507
29.279
54.808
64.675
76.513
86.355
101.275
116.857
115.217
109.192
104.846
107.347
105.018
108.894
115.680
117.492
122.353
128.993
128.232
125.759
112.333
91.923
84.126
73.749
65.515
61.031
52.234
35.529
22.401
-1.653
-4.451
-2.355
1.375
6.323
9.954
7.447
0.007
-2.024
-12.784
-31.759
-39.470
-49.345
-58.590
-68.650
-90.151
-110.309
-136.261
-163.318
-185.136
-207.378
-229.322
-251.802
-272.476
-296.292
-312.582
-322.998
-325.869
-333.799
-329.301
-313.395
-294.685
-272.682
-252.966
-235.334
-215.837
-196.300
-173.748
-144.350
-119.622
-98.081
-84.311
-79.073
-73.941
-67.214
-54.960
-47.195
-44.642
-43.955
-37.731
-37.790
-37.315
-30.172
-25.548
-16.832
-7.983
-1.018
13.862
21.395
24.815
24.768
23.366
19.656
25.635
44.239
60.184
84.119
94.410
117.069
164.826
163.570
189.739
201.095
164.508
115.680
65.905
42.149
27.844
19.623
10.489
-3.552
-12.500
0.053
9.973
-3.016
-8.274
-13.379
-10.079
-6.865
-8.254
-18.670
-32.248
-37.738
-39.027
-34.510
-29.709
-28.240
-28.968
-33.273
-33.803
-39.219
-45.958
-39.272
-41.005
-43.789
-42.645
-42.261
-48.240
-52.836
-56.646
-62.268
-63.650
-64.794
-68.088
-65.449
-62.360
-52.056
-36.746
-22.235
7.090
32.374
50.363
66.547
124.350
241.452
175.137
203.635
259.738
270.579
241.247
278.587
293.442
282.543
302.390
319.004
316.312
293.270
235.929
152.286
42.500
-16.329
-7.658
21.131
29.788
31.798
33.855
18.168
-1.772
-30.515
-66.163
-84.443
-82.744
-73.868
-65.608
-57.817
-52.975
-55.767
-56.216
-59.100
-61.243
-66.977
-63.822
-51.732
-34.107
-18.823
-6.911
8.102
14.431
24.253
25.092
23.247
27.440
21.739
18.717
22.037
14.378
11.865
19.510
16.382
20.271
27.341
23.485
18.128
11.012
-7.923
-6.157
-17.493
-24.265
-25.846
-26.547
-34.868
-41.706
-41.250
-50.250
-48.577
-55.238
-57.076
-49.536
-34.847
-17.176
-13.485
-5.575
-4.927
-5.165
-9.623
-5.165
-9.325
-15.595
-9.947
-12.117
-13.572
0.423
5.483
11.197
34.682
43.948
69.589
86.209
104.033
121.347
135.309
155.672
177.570
203.212
230.513
245.684
262.708
261.677
260.724
250.578
243.046
239.428
225.413
217.497
214.759
207.060
189.779
175.170
160.309
155.798
143.900
125.938
102.730
76.123
61.514
43.405
28.227
16.250
2.738
-9.113
-23.889
-25.304
-31.395
-37.374
-47.083
-51.077
-49.186
-52.215
-53.061
-52.295
-51.911
-44.636
-31.032
-22.982
-5.767
0.516
10.026
12.949
16.951
15.429
12.552
0.761
-6.871
-22.798
-36.825
-48.306
-62.592
-65.859
-73.266
-73.134
-75.647
-79.701
-80.654
-88.504
-93.683
-96.454
-94.734
-101.024
-99.899
-108.193
-105.693
-110.018
-110.971
-109.251
-113.920
-111.672
-115.435
-116.910
-117.194
-117.829
-116.830
-115.164
-118.603
-119.357
-126.784
-136.460
-152.167
-161.552
-169.621
-175.990
-182.948
-180.467
-175.276
-179.158
-191.558
-199.038
-196.003
-197.002
-187.954
-178.225
-166.737
-151.373
-121.083
-86.169
-48.677
-14.120
12.837
35.965
42.096
29.629
20.859
-0.238
-21.078
-43.438
-73.974
-96.182
-114.232
-122.657
-127.115
-123.927
-116.453
-110.574
-96.044
-80.673
-73.418
-62.433
-54.345
-45.449
-43.643
-40.641
-38.035
-27.758
-19.365
-6.098
-0.449
16.388
26.289
34.384
40.416
39.590
46.745
52.810
64.457
73.154
79.754
89.225
94.734
115.058
131.175
141.103
153.305
148.992
114.086
188.490
228.456
223.238
291.087
274.176
303.733
309.626
269.355
217.438
162.405
141.731
126.175
94.602
67.644
37.460
11.085
-9.696
-20.139
-39.345
-68.709
-83.967
-96.169
-107.968
-110.309
-96.811
-75.819
-49.430
-21.349
8.360
31.613
39.933
39.702
35.926
33.789
27.487
17.639
6.058
-1.045
-10.542
-12.632
-11.997
-4.491
-6.323
-4.074
-6.984
-4.709
-10.397
-18.181
-21.455
-30.701
-36.924
-41.454
-48.075
-51.950
-51.871
-57.558
-63.286
-64.616
-61.342
-55.641
-61.236
-67.618
-65.978
-64.014
-65.383
-58.895
-40.700
-24.993
-23.267
-13.048
-0.092
-5.509
-10.417
-5.000
3.671
18.214
28.750
44.893
63.756
88.703
113.226
135.329
146.764
155.752
153.345
153.139
151.142
149.356
135.058
110.118
88.405
61.758
21.256
-16.600
-53.181
-83.359
-100.832
-108.299
-105.799
-97.842
-84.483
-77.598
-59.298
-47.049
-29.081
-11.111
11.938
30.734
43.643
53.974
59.622
60.059
52.288
46.018
36.316
23.922
6.137
-12.077
-28.359
-43.075
-55.680
-67.082
-71.831
-81.097
-81.150
-83.015
-83.431
-82.962
-83.445
-86.368
-91.606
-103.266
-113.795
-118.497
-125.805
-126.758
-129.575
-131.598
-132.399
-130.990
-133.371
-134.727
-133.332
-132.783
-129.767
-126.467
-120.415
-112.743
-107.591
-98.709
-90.581
-88.174
-80.932
-76.705
-79.675
-79.582
-84.033
-85.971
-87.333
-86.963
-88.788
-87.261
-86.725
-84.774
-84.007
-85.694
-85.019
-84.397
-87.426
-88.881
-87.591
-87.036
-81.494
-83.273
-79.695
-76.374
-74.741
-75.687
-73.888
-75.164
-76.315
-71.997
-71.044
-69.767
-70.363
-66.090
-57.010
-52.248
-49.133
-48.769
-44.437
-39.391
-35.529
-34.173
-34.417
-34.219
-34.894
-36.375
-34.292
-32.572
-30.674
-27.943
-24.523
-22.969
-24.259
-25.489
-23.644
-21.686
-7.983
6.257
21.706
39.398
51.249
55.912
50.422
51.659
52.638
57.942
70.965
94.681
119.694
159.640
216.446
283.078
369.598
465.066
416.813
357.303
356.139
411.886
449.623
460.794
461.118
494.537
519.305
534.517
542.869
549.358
567.122
555.799
567.129
558.868
527.691
494.762
443.585
395.001
342.992
302.027
252.186
216.121
178.814
147.670
113.835
81.103
53.829
35.760
19.702
12.467
5.529
1.382
-5.192
-12.156
-12.156
-4.603
-0.059
8.419
13.849
12.639
21.045
25.073
29.126
36.448
42.479
43.961
53.584
59.351
62.248
66.838
72.122
72.605
76.388
74.761
75.039
76.414
72.215
70.079
67.440
60.931
61.996
57.129
53.769
51.421
46.481
43.273
40.357
35.231
31.263
30.357
23.816
18.551
15.575
13.941
10.185
7.936
2.910
-2.454
-9.676
-13.650
-22.678
-27.163
-33.558
-41.031
-44.106
-50.217
-50.250
-56.362
-66.037
-71.692
-77.168
-107.498
-110.680
-137.591
-169.251
-195.526
-248.859
-295.380
-347.945
-392.991
-427.659
-466.786
-501.316
-529.596
-543.901
-547.222
-554.840
-565.475
-574.047
-590.832
-590.792
-577.539
-561.011
-517.142
-459.405
-367.694
-294.143
-269.223
-256.134
-237.133
-215.189
-181.968
-133.669
-79.378
-32.043
0.324
14.272
24.570
21.878
16.019
9.491
5.740
5.390
9.696
15.000
16.938
14.656
8.822
-0.113
-5.575
-11.031
-12.162
-14.319
-11.309
-15.615
-15.297
-16.792
-21.481
-16.818
-19.471
-17.930
-18.412
-20.913
-21.547
-21.547
-28.161
-26.964
-34.179
-35.555
-34.332
-35.509
-34.120
-34.232
-28.227
-29.457
-32.506
-28.558
-35.509
-28.862
-32.605
-34.887
-35.277
-39.206
-38.895
-33.531
-48.399
-15.747
-57.619
-14.404
-55.264
-10.026
-21.997
-18.439
-4.140
-14.775
-10.655
-19.133
-12.381
-33.326
-24.226
-34.980
-34.140
-42.479
-40.317
-43.029
-46.130
-36.864
-36.951
-32.189
-30.436
-30.615
-23.809
-23.994
-19.557
-17.989
-15.423
-11.693
-0.767
-3.796
7.374
12.592
17.507
20.205
22.923
25.073
23.816
17.599
18.730
6.521
3.227
-4.875
-11.184
-16.184
-21.587
-21.078
-16.759
-15.939
-10.232
-8.617
1.184
-0.933
1.389
6.118
-2.414
7.639
21.646
11.779
22.506
22.434
24.418
34.457
34.735
41.005
44.801
43.934
52.036
64.873
67.724
87.783
103.960
122.009
153.735
178.543
196.631
213.681
222.603
230.638
244.302
241.954
241.286
245.896
233.932
230.777
226.882
220.679
221.472
215.070
225.143
220.328
217.828
222.411
208.602
199.383
176.869
159.396
146.545
132.465
123.761
120.170
112.326
102.618
101.149
99.602
92.518
91.916
92.433
93.616
91.507
102.068
101.890
103.140
112.664
116.216
125.494
127.439
133.841
139.237
143.358
144.119
140.964
144.740
142.491
125.402
124.244
111.447
107.486
94.688
82.300
82.354
69.562
57.367
53.822
41.904
29.504
27.830
9.954
6.508
-2.374
-13.128
-16.799
-27.632
-32.017
-36.488
-44.338
-46.964
-55.793
-54.880
-56.143
-59.695
-55.919
-63.114
-59.556
-59.047
-58.862
-60.198
-59.609
-61.507
-63.835
-63.802
-70.118
-73.260
-77.935
-75.158
-85.131
-82.076
-94.628
-95.336
-93.154
-98.702
-97.095
-94.496
-96.744
-97.307
-96.182
-94.476
-98.742
-95.799
-95.554
-97.902
-101.639
-95.521
