1.627
1.640
1.660
1.680
1.700
1.713
1.733
1.746
1.766
1.792
1.799
1.805
1.832
1.845
1.865
1.878
1.865
1.925
1.898
1.991
1.634
2.275
2.295
2.103
0.985
2.983
0.860
2.024
0.780
4.769
0.576
2.685
1.402
4.365
0.132
3.227
-0.073
2.043
-0.092
4.954
-1.779
8.459
-4.379
5.674
-5.298
8.187
1.640
8.115
-8.671
6.164
0.007
3.386
-0.284
-2.189
5.132
4.914
7.612
-2.506
6.257
-2.308
-4.974
-1.832
-3.756
16.448
3.816
-5.648
3.373
4.015
4.941
3.770
6.541
-2.434
-7.322
8.638
-5.112
-8.777
14.689
-1.263
5.767
-4.332
4.557
20.602
-9.788
4.173
0.033
12.083
-25.066
27.069
-26.177
42.222
-28.512
3.684
10.383
-2.249
4.868
-17.143
14.094
-2.731
-4.358
10.556
-2.705
0.092
6.732
16.911
-4.689
23.618
-35.297
23.339
-43.293
8.532
-49.490
26.587
-2.976
-9.748
36.574
16.733
-20.450
12.467
23.294
-15.119
-40.138
13.988
1.118
-0.602
-64.364
82.744
-44.880
74.444
-163.556
117.492
-54.470
95.852
-154.422
46.811
0.701
-5.655
-20.072
7.268
0.476
29.001
-20.496
-2.804
-41.607
104.192
-150.038
53.623
-72.605
84.272
-9.623
21.336
37.956
10.595
0.827
-34.411
-68.934
31.567
-14.319
-24.497
-18.327
97.360
-10.641
-36.785
-86.970
69.351
24.120
45.654
-88.319
109.165
60.978
-16.700
-97.320
2.818
10.761
4.709
-36.177
67.228
-37.142
40.754
-43.432
18.015
3.141
77.042
-42.427
-13.466
-90.924
111.592
70.436
-41.547
-136.281
13.671
86.705
-18.049
-4.821
5.271
35.721
-26.011
7.877
32.532
12.831
-19.537
54.186
51.084
-101.903
-1.323
70.363
9.339
-64.569
27.394
53.723
23.697
-100.620
-58.160
-10.079
91.342
-61.368
189.038
80.621
-26.250
-79.701
-68.002
74.496
-79.384
-69.060
50.244
56.256
-0.251
60.105
16.726
44.007
-0.906
-26.011
27.196
-73.121
-57.261
59.761
53.160
-21.693
-19.173
-3.677
-95.442
-18.055
-10.807
-111.526
-124.998
-150.031
49.728
0.529
-223.793
-324.943
-309.593
-163.503
-150.474
-156.730
-170.222
-102.862
-119.350
-149.171
-253.006
-185.143
166.274
366.424
485.424
513.049
310.485
162.266
304.692
379.082
299.202
136.744
41.640
-180.414
-239.243
-53.412
84.714
54.007
-188.735
-124.568
-35.773
26.534
-5.867
-181.658
-283.224
-85.224
405.610
292.145
25.205
-259.263
-493.519
-322.667
273.442
620.646
405.649
-26.547
-112.347
264.414
475.424
278.184
54.378
-272.358
-355.326
-216.419
-182.881
-287.483
-452.639
-339.235
-273.423
64.814
92.512
119.542
343.197
194.633
8.558
-209.415
-79.543
86.460
267.840
156.730
80.283
-133.285
-191.704
75.680
110.666
-16.858
-89.033
88.458
113.887
313.071
256.293
-13.565
-218.773
-137.009
-26.627
-8.175
-1.568
25.026
156.328
240.129
28.379
224.289
130.084
91.751
-77.327
-215.969
-486.329
-435.424
-423.499
-466.509
-293.283
25.079
134.442
-115.118
-242.047
-628.695
-604.608
-731.386
-528.498
-403.592
-158.549
1.408
-36.084
-146.843
-404.142
-281.008
232.490
585.237
742.285
771.517
745.175
250.089
-105.746
51.170
48.008
-99.721
444.590
596.692
851.080
946.813
877.462
846.464
841.960
250.433
-519.087
-531.706
-565.951
-240.301
-377.026
-575.025
-789.341
-791.444
-360.591
34.920
338.124
184.085
417.263
536.534
381.358
49.239
-143.384
-4.464
121.044
307.139
170.031
-206.009
-249.891
-241.723
207.345
231.961
398.315
375.928
-27.050
-59.636
322.628
78.346
-113.940
-219.163
-17.857
-107.347
50.006
312.522
3.479
196.882
-94.760
-399.062
-240.010
-453.731
-430.358
-720.056
-689.759
-602.049
-544.881
-196.988
-204.580
71.871
-107.274
-43.492
348.137
406.754
483.162
453.254
452.812
584.278
421.370
196.598
-124.290
38.412
-28.260
145.044
-55.456
-184.607
-339.208
-654.462
-151.004
-395.273
166.711
65.469
241.399
97.023
-353.110
120.554
52.156
-364.228
-36.302
137.055
418.520
374.440
80.105
258.581
-151.559
-135.752
-520.423
-89.483
69.470
139.522
472.679
183.761
505.277
152.405
-301.471
-375.517
9.431
78.941
96.004
100.825
93.987
-0.516
7.619
-281.709
-333.772
123.437
-44.629
-8.380
-224.732
-9.517
478.055
499.405
413.910
-345.723
-310.803
-224.197
28.776
-87.922
-270.122
31.481
-16.812
-210.857
-38.697
286.398
200.493
-79.444
-238.264
-265.803
276.299
597.598
280.347
-152.988
-299.143
-271.326
-313.144
-206.492
-376.820
-344.777
-358.560
-69.946
-163.020
-68.253
-181.975
-146.585
-286.061
-52.301
211.512
77.201
-316.438
-128.543
178.390
538.855
549.272
509.656
415.669
241.009
473.459
397.283
551.024
330.346
194.217
58.293
266.326
376.013
309.751
241.240
70.872
135.818
199.303
283.561
213.019
232.782
228.390
164.118
-21.872
-105.171
-228.264
-327.092
-362.449
-305.479
93.702
222.828
104.482
-163.847
-394.816
-416.978
-312.489
-277.106
-224.064
-179.680
-210.083
-154.316
-206.042
-438.982
-516.117
-343.917
172.478
181.704
330.538
321.755
167.246
-112.988
-154.098
-159.654
-198.285
-263.925
-42.883
76.150
216.386
64.186
-139.423
-104.099
-4.418
-102.294
-199.442
-24.365
34.847
-256.822
-150.943
215.553
343.646
113.934
-228.661
-424.399
-140.018
109.020
11.283
-158.742
-34.543
183.271
339.546
490.172
479.954
-132.512
-174.535
-133.471
117.822
97.168
-132.346
-350.815
-404.518
-348.196
-552.433
-516.475
-248.925
412.580
322.879
75.158
-171.301
-281.530
-271.650
-127.108
72.526
3.895
154.939
87.737
224.388
334.407
460.271
463.935
293.237
240.572
308.554
22.196
-273.092
-662.108
-831.272
-388.930
432.964
945.450
1162.378
971.409
861.053
609.648
332.410
211.855
368.884
579.880
850.551
561.302
354.526
-211.697
-392.568
196.856
125.733
132.425
105.508
101.381
-62.208
-107.359
314.248
280.175
310.465
251.690
3.598
-481.144
-699.210
-1199.925
-1346.562
-1155.831
-1098.418
-1285.088
-1339.777
-1280.142
-955.033
493.320
1140.679
1106.447
891.906
952.262
879.691
1039.312
922.653
612.492
296.041
-433.506
-503.432
-383.950
-546.414
-884.261
-988.406
-609.192
-486.383
-589.741
-732.041
-590.812
-790.102
-675.170
-670.355
-502.956
-444.729
-523.287
-806.041
-674.336
-530.601
-523.855
-729.865
-706.419
-232.788
341.808
376.827
238.390
252.959
242.834
244.422
561.785
1112.227
1217.140
1177.630
1037.307
1041.977
733.085
710.513
909.373
880.980
-178.774
-166.334
128.907
128.993
98.107
120.733
118.127
30.893
-51.679
107.928
39.880
-174.898
-259.600
-584.457
-554.847
-456.251
-546.249
-775.115
-730.135
-595.204
-211.783
-249.038
-327.099
-358.825
-323.428
-288.647
-284.930
-241.128
-42.043
-1.323
76.666
65.555
68.650
-57.790
-125.289
-7.070
23.088
131.956
440.688
941.436
147.928
-218.601
435.226
334.328
428.275
624.879
685.136
814.506
731.392
310.988
578.286
855.954
955.940
327.410
-331.325
-143.093
150.712
168.292
-32.499
81.665
86.460
141.883
140.183
152.398
117.201
15.172
-33.452
-67.691
-129.139
-195.910
-174.568
-193.688
-352.693
-464.948
-691.479
-771.213
-922.680
-926.264
-870.855
-792.728
-615.660
-712.021
-848.335
-838.368
-820.201
-815.194
-644.998
-231.445
-230.262
-218.046
-196.875
-148.728
-114.601
-46.329
-47.373
-53.075
-23.915
-73.941
-72.069
-34.259
15.992
62.929
57.936
110.045
87.922
116.262
132.644
161.546
349.314
437.388
384.863
366.245
437.924
492.798
327.945
340.776
282.132
290.909
231.366
310.439
244.824
114.549
214.177
288.025
276.054
342.052
356.205
343.203
304.520
289.110
181.241
125.064
329.479
252.550
-193.655
-183.232
23.360
26.812
-58.848
-19.867
70.158
73.398
93.338
115.137
197.676
220.374
163.060
162.306
174.885
330.551
404.406
155.620
314.718
248.164
14.491
1.316
18.995
55.264
149.747
114.985
173.887
212.874
230.334
253.164
268.819
373.077
337.172
242.252
34.537
-7.388
55.409
-12.533
43.492
66.156
74.423
93.246
48.551
45.951
-47.803
-27.407
-25.073
38.770
95.356
102.228
145.752
169.178
160.970
93.259
116.070
79.060
75.211
111.282
85.713
60.733
49.728
2.143
-290.538
-650.818
-457.150
-399.327
-657.154
-827.046
-857.131
-947.897
-867.839
-746.147
-680.698
-677.861
-634.740
-461.733
-265.208
-188.668
-225.579
-276.862
-214.257
-193.827
-122.664
-98.173
-28.710
-4.239
28.068
75.918
95.581
98.907
60.184
60.039
57.459
58.868
73.960
108.623
130.336
140.904
175.633
211.340
413.269
474.762
360.855
455.053
599.569
661.816
639.125
586.771
625.190
647.624
641.804
668.562
758.210
849.486
931.621
975.179
864.307
515.311
325.704
299.778
322.192
279.884
237.358
217.424
141.109
165.216
177.557
188.145
176.519
176.294
169.065
148.206
148.973
144.476
163.212
162.187
154.575
109.198
25.932
-47.347
-59.576
-31.335
-8.069
7.778
26.243
-29.226
-112.036
-233.992
-711.902
-1199.204
-205.401
-579.317
-854.393
-917.481
-1113.180
-1339.625
-1318.230
-1288.766
-1049.232
-774.692
-696.551
-702.147
-724.329
-710.103
-633.464
-525.079
-381.278
-263.568
-202.921
-200.777
-185.150
-162.134
-120.289
-80.607
-34.199
-6.038
-13.075
-9.530
-5.311
18.082
36.256
12.083
-10.132
2.579
-0.655
1.323
11.137
-5.602
-1.006
-21.025
-36.858
-44.318
-22.096
3.657
-6.614
15.330
22.586
55.350
75.495
99.053
158.424
173.510
186.433
210.433
229.078
231.856
250.975
265.307
303.151
328.163
368.897
401.046
410.914
411.575
359.400
326.636
297.039
282.721
300.611
317.284
315.333
269.758
194.581
137.723
120.355
106.863
86.223
91.672
114.006
92.327
78.524
60.753
47.724
33.181
27.969
10.794
17.314
18.750
18.115
19.371
18.710
31.236
29.318
19.491
1.547
-5.635
7.289
-22.704
-17.050
-8.843
-20.139
-10.575
-5.879
-21.964
-30.872
-10.641
1.667
35.886
69.503
112.525
118.464
126.083
179.197
177.557
144.376
122.412
123.788
120.104
118.729
119.641
114.298
126.506
131.725
114.641
112.796
93.861
93.590
72.889
65.178
47.023
24.319
4.742
-12.460
-28.227
-35.013
-39.854
-49.444
-52.063
-69.933
-90.759
-123.993
-142.770
-166.988
-202.497
-235.023
-227.576
-207.887
-259.104
-269.467
-243.813
-233.363
-256.994
-308.237
-354.374
-419.684
-454.267
-383.401
-423.182
-432.130
-413.281
-428.050
-452.725
-435.106
-385.636
-309.202
-295.135
-316.927
-332.350
-312.324
-263.019
-226.644
-193.714
-137.954
-136.374
-143.179
-129.311
-115.905
-113.385
-92.300
-74.873
-69.496
-65.284
-63.253
-54.219
-24.008
-26.144
-45.707
-57.612
-87.135
-102.625
-99.476
-84.834
-71.017
-52.427
-45.912
-45.257
-39.523
-44.834
-44.470
-38.869
-39.947
-38.002
-33.174
-37.651
-38.359
-51.514
-64.682
-58.286
-54.053
-46.964
-14.087
-26.845
-64.668
-97.320
-106.050
-105.528
-91.354
-72.585
-52.870
-35.595
-33.749
-12.632
-2.163
9.537
42.453
85.025
127.902
151.936
159.231
176.757
189.812
206.624
228.582
247.318
245.705
236.359
231.974
224.349
221.478
222.953
237.854
247.444
249.084
239.897
227.113
201.400
150.276
132.644
114.608
94.443
83.418
70.396
69.688
46.818
44.338
49.808
39.940
39.689
41.944
41.904
44.186
46.342
46.673
43.697
47.599
42.823
39.325
31.772
20.013
1.164
6.852
4.457
-4.100
-7.520
-18.227
-24.404
-29.186
-30.826
-10.311
60.614
36.746
32.400
103.226
145.640
167.656
206.552
252.933
299.547
329.096
342.813
355.676
343.547
324.162
310.446
320.789
325.842
325.095
316.880
293.839
268.330
247.305
238.654
230.063
228.568
222.702
217.596
204.613
191.314
188.245
186.519
175.494
171.770
161.764
157.372
140.289
123.881
103.530
79.834
52.704
41.719
31.124
26.838
6.032
-0.926
13.267
10.033
5.410
1.746
-10.707
-41.626
-86.063
-118.094
-147.187
-192.583
-274.137
-222.047
-76.348
-103.953
-109.740
-118.113
-130.660
-137.690
-142.267
-158.483
-191.426
-203.119
-192.749
-184.932
-173.675
-164.581
-159.072
-129.489
-89.245
-58.782
-46.832
-52.565
-66.924
-50.019
-24.716
3.049
41.567
56.441
49.054
23.353
4.312
-12.467
-21.719
-27.652
-29.795
-25.052
-36.951
-42.896
-43.220
-38.141
-37.043
-37.863
-30.542
-37.811
-35.409
-30.496
-18.736
-8.638
-4.445
0.549
3.214
-0.774
-7.315
-11.270
-16.541
-12.017
-6.720
-6.554
-1.078
0.113
0.443
4.537
1.039
9.061
17.420
18.346
3.439
-4.781
-0.714
-8.942
-8.638
-8.605
-18.062
-30.198
-32.090
-36.527
-44.061
-55.337
-60.145
-69.695
-81.943
-91.613
-104.562
-122.995
-139.185
-156.909
-177.544
-196.320
-209.025
-218.079
-228.026
-225.176
-216.955
-206.432
-206.505
-191.148
-170.255
-146.400
-119.105
-96.632
-76.044
-66.593
-51.051
-40.721
-29.093
-14.352
-6.137
3.366
6.462
6.911
0.013
5.549
3.505
-0.317
10.238
14.603
24.008
36.765
42.850
50.767
58.260
63.339
67.235
68.888
68.537
83.464
124.753
171.327
215.745
297.589
380.689
306.927
301.266
358.090
428.976
455.292
453.287
452.984
461.257
477.348
481.971
467.017
431.787
410.914
352.270
265.565
264.051
265.023
242.741
233.244
239.183
235.017
221.419
208.040
192.696
172.399
158.258
135.686
109.404
77.592
47.632
28.134
11.951
-8.783
-13.717
-16.501
-24.861
-21.369
-26.144
-34.266
-41.402
-47.169
-59.206
-69.106
-74.371
-85.264
-90.290
-89.285
-82.876
-72.916
-74.371
-83.855
-95.799
-129.066
-170.408
-291.471
-534.722
-429.994
-260.168
-485.509
-439.432
-407.812
-512.374
-556.223
-583.273
-665.302
-755.975
-803.712
-852.965
-868.209
-828.256
-748.244
-614.211
-497.963
-430.722
-393.791
-360.610
-298.382
-245.896
-213.866
-175.600
-129.476
-95.746
-79.172
-65.780
-59.013
-52.995
-42.870
-38.803
-32.255
-28.115
-18.399
-13.730
-9.788
-0.734
2.903
7.110
11.362
15.105
13.644
10.622
8.175
-6.263
-6.448
-12.877
-19.557
-12.533
-5.033
-2.586
12.103
17.083
22.632
31.434
35.820
36.825
45.065
32.995
32.162
36.838
33.300
39.828
43.690
46.514
38.815
49.140
51.315
46.256
45.575
36.051
27.493
20.853
21.018
20.377
23.862
31.329
33.359
23.836
32.103
33.168
32.393
34.093
57.380
60.066
68.121
82.023
83.682
92.902
89.192
102.201
104.945
113.080
126.136
134.899
140.713
145.752
157.048
163.721
161.486
159.151
149.264
147.128
134.092
129.529
128.431
122.717
121.552
131.030
136.327
138.675
144.733
149.290
161.122
165.262
170.950
176.195
180.520
186.664
181.009
182.140
192.153
188.880
187.035
173.192
167.637
165.361
153.880
148.411
145.031
145.501
133.219
132.339
133.279
126.685
119.053
116.321
97.703
83.259
65.919
54.834
40.165
28.009
23.221
14.219
8.088
0.483
-0.774
-10.172
-5.503
-10.919
-3.413
-0.456
8.142
10.813
14.709
15.509
13.327
14.127
15.774
19.021
12.407
12.764
8.029
2.275
-2.242
-9.563
-14.696
-24.041
-29.008
-31.772
-40.872
-43.796
-46.877
-56.521
-64.304
-75.760
-78.762
-92.076
-105.746
-113.715
-126.500
-136.817
-154.906
-177.339
-202.299
-232.973
-256.637
-275.717
-300.512
-336.054
-366.629
-384.036
-384.301
-376.648
-364.446
-348.785
-328.302
-306.828
-287.172
-269.785
-252.087
-230.797
-214.184
-195.963
-176.505
-153.510
-140.547
-130.230
-116.249
-109.846
-98.795
-87.221
-71.017
-60.297
-51.137
-41.739
-32.797
-30.621
-25.654
-14.914
-2.090
4.259
12.427
18.075
24.808
25.350
28.684
23.379
23.115
21.594
13.274
10.522
6.396
8.955
12.619
12.989
32.367
38.815
60.310
69.212
84.596
115.858
138.795
206.313
264.825
360.927
389.968
437.487
436.952
404.082
496.204
532.605
537.711
543.101
546.336
551.904
550.687
578.213
629.000
657.075
657.273
656.704
643.338
617.532
579.695
503.102
412.957
344.321
303.719
272.013
251.961
241.954
233.006
223.522
210.143
186.552
167.749
144.707
123.444
105.719
73.359
43.822
17.354
0.582
-19.537
-23.273
-23.551
-18.042
-6.865
-5.714
-6.269
-9.477
-13.472
-20.450
-24.556
-27.169
-42.301
-49.371
-54.642
-51.659
-47.420
-41.983
-34.140
-42.195
-60.608
-76.870
-88.306
-100.415
-111.473
-124.694
-147.359
-194.184
-231.360
-268.674
-204.613
-178.860
-202.154
-221.584
-227.563
-261.478
-292.073
-291.140
-300.512
-295.300
-301.676
-318.660
-328.151
-343.699
-355.326
-357.832
-357.058
-348.944
-344.631
-335.795
-328.104
-308.845
-279.904
-264.355
-237.742
-189.819
-126.652
-94.132
-81.447
-79.562
-83.649
-93.120
-94.053
-96.282
-95.752
-97.082
-90.634
-85.297
-69.609
-54.642
-41.494
-31.230
-23.393
-16.217
-14.200
-9.219
-6.971
-2.216
-7.394
-9.451
-9.703
-13.842
-14.312
-16.217
-14.649
-13.823
-13.631
-10.251
-9.444
-7.507
-5.767
-2.374
5.701
8.373
19.246
27.844
32.255
39.199
40.965
41.362
40.297
40.667
39.729
35.430
32.493
32.645
31.679
26.825
26.785
28.002
21.150
14.325
1.640
-10.232
-13.974
-11.442
-15.767
-17.447
-17.791
-19.464
-18.538
-15.628
-16.792
-12.037
-10.436
-7.811
-7.540
-6.666
-6.878
-5.589
-5.900
-8.088
-4.252
0.106
8.300
11.627
23.049
29.153
29.107
31.474
33.736
40.079
46.097
51.428
59.530
58.637
51.031
33.042
20.231
14.068
12.731
11.058
12.117
14.848
16.990
15.086
16.548
12.573
11.633
6.620
3.254
1.938
-1.541
-8.142
-10.364
-15.304
-17.592
-17.930
-9.947
-8.856
-3.486
-0.331
5.939
11.838
14.782
23.763
19.385
18.108
19.431
19.292
18.802
18.796
15.429
9.676
-2.593
-22.916
-50.972
-25.939
12.301
47.413
9.273
-40.661
-49.655
-57.189
-63.974
-94.205
-118.834
-140.190
-178.014
-222.887
-257.437
-270.903
-289.454
-297.192
-299.169
-302.225
-293.501
-280.783
-265.274
-247.311
-228.013
-206.604
-187.140
-164.885
-157.862
-157.280
-153.318
-146.288
-140.699
-137.042
-131.050
-114.099
-92.214
-67.235
-44.662
-21.527
-7.950
4.213
18.174
28.134
45.985
56.077
65.985
78.035
81.659
84.133
86.785
89.622
85.912
89.251
90.508
84.635
86.559
81.103
79.106
77.552
74.192
73.577
73.993
73.233
74.252
77.935
76.071
79.615
82.605
81.520
83.280
81.983
81.341
84.853
82.492
80.323
77.829
78.226
73.293
70.065
66.434
63.723
62.320
61.699
59.972
60.694
58.061
55.171
56.448
58.160
57.903
60.529
56.825
59.596
68.624
63.802
65.839
86.209
73.385
100.964
110.382
122.631
136.520
145.898
152.432
158.252
158.768
157.762
157.253
154.998
152.955
141.076
140.560
155.242
170.923
182.346
189.309
193.337
192.207
170.791
126.506
104.999
110.640
92.889
74.503
58.710
52.473
50.852
53.498
61.897
61.097
67.341
72.387
77.195
85.852
86.480
83.802
73.147
61.778
47.963
41.441
33.723
23.769
18.802
9.008
2.394
-8.314
-7.877
-3.756
-4.074
4.180
1.845
2.830
0.489
-6.581
-10.410
-19.775
-23.287
-29.206
-37.473
-36.005
-43.048
-48.273
-47.016
-49.219
-51.018
-50.925
-45.767
-46.335
-51.646
-41.229
-47.043
-43.492
-35.674
-38.538
-38.366
-35.740
-33.082
-35.397
-33.062
-19.828
-24.272
-31.309
-17.248
-13.109
-10.767
-19.312
-8.849
-6.812
-23.796
-23.002
-10.291
-34.372
-29.504
-34.338
-28.948
-54.556
-34.074
-37.030
-46.435
-38.088
-29.768
-33.584
-28.664
-25.403
-19.543
-19.855
-13.254
-12.976
-10.099
-9.080
-1.105
-8.307
-9.663
-1.276
-6.687
-4.590
-4.544
4.147
-1.673
0.985
6.574
3.756
1.356
5.119
3.869
-2.037
-0.489
3.208
5.337
10.238
16.177
13.717
26.395
29.986
31.852
45.800
45.152
48.227
61.963
58.935
59.298
64.053
60.720
65.853
65.925
67.254
69.126
65.112
71.315
79.305
75.303
80.111
86.315
86.077
87.360
103.590
107.234
115.177
130.474
133.292
137.803
139.998
132.485
134.205
128.391
119.952
112.062
107.591
104.866
96.090
95.144
84.714
74.721
76.964
67.955
55.773
49.279
40.032
24.716
10.364
-3.188
-12.586
-27.817
-43.121
-53.148
-61.249
-77.096
-85.125
-87.360
-95.614
-105.138
-105.157
-107.135
-123.815
-124.396
-123.497
-129.767
-139.555
-134.919
-137.280
-136.255
-143.345
-134.489
-139.926
-128.272
-141.863
-132.531
-127.578
-126.698
-131.288
-135.719
-130.249
-123.947
-136.076
-124.238
-122.571
-123.788
-119.277
-114.509
-112.763
-106.315
-102.982
-101.440
-102.895
-92.763
-94.906
-93.683
-88.881
-90.891
-91.460
-87.830
-82.896
-84.145
-78.107
-75.680
-67.810
-64.781
-62.010
-58.094
-56.944
-59.199
-53.743
-57.922
-64.040
-65.561
-56.679
-67.492
-67.545
-68.465
-78.670
-75.925
-77.585
-79.940
-80.885
-76.930
-82.757
-83.207
-75.112
-81.077
-78.861
-71.309
-73.855
-74.655
-64.470
