-37.055
-15.641
-15.458
-14.182
-11.940
-9.555
-6.844
-3.820
-3.688
-8.032
-11.488
-11.846
-5.978
-1.971
0.686
2.686
2.948
-1.718
-8.470
-12.685
-12.275
-7.199
3.787
8.985
9.002
2.681
-8.755
-12.562
-13.345
-17.301
-17.454
-12.197
5.086
36.337
45.080
7.326
-56.483
-108.522
-96.241
-11.675
128.263
220.718
242.207
216.120
159.353
32.200
-243.372
-452.466
-437.241
-117.351
158.723
263.192
119.599
-93.162
-156.622
-90.703
-119.865
-103.577
117.803
291.486
210.488
4.625
-1.459
91.207
154.795
190.899
211.532
174.772
74.490
43.994
71.445
55.732
37.283
-4.948
-50.513
69.445
342.371
338.846
81.595
-79.873
-32.055
16.027
60.443
168.033
163.107
141.036
329.599
585.716
675.076
456.299
256.665
-59.251
-182.663
-44.028
224.182
261.621
-72.124
-174.723
122.204
322.963
345.558
44.912
-462.356
-1006.494
-1258.587
-1121.411
-1186.519
-1343.935
-1540.055
-1750.309
-1899.638
-1972.738
-1923.810
-1628.385
-1104.555
-132.052
1001.102
2063.104
2966.181
3675.330
4022.312
4023.292
3826.278
3435.574
3116.268
1969.445
159.836
-1276.216
-2730.677
-4015.769
-4181.737
-3985.299
-2874.939
-693.003
770.195
1809.581
2790.936
2010.565
-546.851
-850.881
-145.235
223.855
-742.270
-1530.151
-2026.135
-2565.544
-2736.079
-2319.928
-829.306
705.063
1761.891
2602.091
2582.450
1509.480
70.027
-1326.073
-1844.107
-1989.047
-2012.893
-1918.072
-1611.701
-1033.399
-435.323
37.967
207.325
-111.842
94.376
888.706
1224.722
1308.417
1344.506
1408.394
1636.867
2024.119
2279.426
2253.778
2021.135
1485.265
570.256
58.183
-258.519
-323.671
-464.970
-610.352
-1000.710
-1458.454
-1944.185
-1991.633
-1603.364
-1281.219
-1311.976
-1465.732
-1376.235
-851.633
-3.394
461.081
-691.479
-1147.835
-1261.814
-904.147
-123.051
1293.336
2862.627
3774.715
3310.876
2969.029
2623.111
2337.623
2111.692
1947.062
1702.982
1514.773
1304.151
593.875
-718.996
-1267.345
-1842.493
-2163.917
-2272.814
-2457.275
-2483.827
-2359.882
-1637.257
-671.733
197.769
1054.853
1585.821
1744.230
1539.128
1130.154
743.308
-193.318
-678.747
-437.138
-20.990
210.718
270.931
281.748
375.549
599.681
546.845
-246.937
-898.422
-545.849
-394.217
-630.352
-754.255
-526.239
-426.792
-628.270
-819.993
-838.706
-630.147
-600.204
-585.637
-696.333
-983.146
-1272.497
-1476.968
-1387.858
-942.580
-489.101
-100.593
251.304
652.711
1062.061
1465.174
1573.393
1406.945
1317.500
1151.038
751.811
204.533
-347.448
-706.162
-852.564
-765.804
-499.170
199.002
784.260
844.459
833.086
671.631
-8.215
-955.730
-1151.134
-1192.501
-1143.737
-942.575
-269.049
964.297
2064.638
2555.065
2139.375
1026.053
204.194
-73.965
-39.493
-124.543
-20.795
52.198
-3.308
-28.039
-247.462
-513.500
-744.470
-916.280
-758.853
-130.308
131.485
-109.028
-706.234
-1053.517
-1259.796
-1226.495
-496.726
252.791
573.680
640.219
578.902
580.547
498.866
77.763
-301.160
-410.527
-512.689
-718.005
-845.781
-831.679
-539.915
-36.705
407.310
634.116
828.428
968.125
1071.393
1115.601
992.041
675.103
227.624
-191.296
-441.677
-678.366
-849.606
-451.240
267.014
733.042
894.647
619.104
150.735
-257.117
-357.189
-155.056
160.662
670.373
1214.182
1573.537
1486.135
975.923
326.361
-123.844
-426.890
-646.299
-761.015
-613.812
-193.817
99.086
277.892
297.218
233.328
186.689
148.095
79.802
-101.917
-357.992
-561.814
-656.174
-668.458
-783.678
-983.500
-1080.034
-1061.045
-756.156
-446.239
-275.945
-317.766
-534.978
-819.365
-1034.479
-1120.794
-1135.714
-974.285
-394.698
459.534
1394.326
1920.266
1928.128
1740.851
1300.705
973.192
909.347
821.881
528.803
209.072
-117.964
-504.358
-567.533
-46.962
503.643
580.309
-97.279
-701.396
-875.164
-976.260
-1036.244
-1022.851
-967.713
-890.454
-775.546
-748.949
-728.175
-279.933
329.067
686.151
877.481
870.916
801.828
648.341
295.879
203.286
637.571
987.714
1199.190
1148.962
751.949
355.178
362.285
408.259
446.037
319.618
-10.173
-219.865
-375.830
-495.996
-549.517
-575.739
-503.607
83.706
548.508
751.946
797.258
678.742
186.032
-435.433
-660.536
-525.368
-297.906
-355.083
-498.247
-607.604
-471.891
-209.644
-128.177
-245.039
-419.842
-470.361
-395.382
-384.870
-481.816
-582.583
-555.821
-453.629
-263.194
-181.447
-331.647
-643.490
-815.961
-553.707
-163.372
141.072
359.089
438.630
336.783
217.896
167.380
72.772
-19.379
-39.341
101.147
196.479
131.330
4.322
-67.758
-28.021
48.145
114.308
226.629
311.764
370.872
462.523
569.200
507.232
285.379
19.220
-158.728
-311.542
-394.105
-429.706
-452.823
-395.793
-97.771
73.680
-40.878
-254.678
-429.874
-563.805
-607.234
-578.271
-452.314
-325.150
-146.152
26.459
138.027
171.837
263.995
445.038
658.743
774.179
757.712
660.556
577.786
537.536
454.479
261.895
135.993
166.562
235.937
237.941
213.105
225.275
264.361
290.070
307.469
347.383
352.043
333.405
233.448
77.946
-110.263
-332.505
-514.206
-568.532
-484.114
-406.784
-322.658
-174.400
55.675
210.662
149.142
-14.417
-205.688
-287.228
-292.308
-205.204
-73.171
-45.139
-111.244
-196.138
-282.877
-323.353
-294.623
-242.772
-227.401
-279.168
-320.252
-236.519
82.169
433.085
620.763
626.752
264.224
-169.941
-265.901
-4.109
274.989
353.841
322.874
266.127
282.651
251.091
212.177
195.282
128.928
-86.502
-295.455
-406.120
-411.421
-304.514
-114.032
2.891
51.369
65.209
63.945
-82.690
-197.200
-230.178
-132.719
20.532
74.902
43.408
-23.869
-90.526
-105.239
-95.347
-45.267
41.543
65.157
66.564
110.912
190.017
261.493
261.827
224.469
208.007
221.094
260.928
266.305
189.022
-0.816
-209.705
-338.705
-372.314
-311.819
-278.645
-247.459
-191.040
-122.550
-87.916
-79.594
-49.944
-10.308
5.295
23.414
88.612
205.572
253.751
254.231
217.272
149.777
70.071
5.344
-34.498
-24.885
-30.029
-45.157
-69.778
-94.089
-80.050
-49.655
67.996
108.655
62.101
-58.451
-113.269
-130.199
-163.649
-216.775
-250.658
-203.867
-181.433
-214.248
-250.459
-237.034
-108.756
18.108
31.973
-53.068
-145.754
-259.382
-259.407
-83.096
82.987
251.638
444.333
599.816
627.424
505.988
338.679
237.199
140.886
2.502
-105.423
-153.141
-145.056
-61.342
-36.086
-69.506
-70.392
-13.614
67.219
137.774
140.750
112.411
57.044
29.184
24.863
-21.216
-101.667
-117.970
-43.964
60.072
113.291
89.340
76.955
136.656
159.978
96.388
-14.397
-127.003
-181.253
-172.580
-106.241
-16.445
76.002
191.111
296.674
339.161
309.924
246.908
251.228
306.106
368.355
356.278
156.836
-132.156
-337.675
-442.962
-481.187
-422.194
-276.076
-154.324
-84.752
-34.733
58.317
224.212
286.655
192.967
138.446
152.416
162.550
51.868
-78.186
-163.342
-243.676
-368.200
-505.220
-583.727
-587.204
-555.200
-481.049
-346.849
-168.121
4.484
44.646
-17.882
