-154.973
21.154
21.561
26.485
30.295
32.444
34.091
35.398
35.872
34.346
31.213
28.545
29.281
31.308
35.620
42.523
46.404
43.794
40.242
41.462
43.168
38.986
28.380
19.498
12.172
16.214
29.391
33.251
14.563
-8.880
-29.367
-50.797
-66.297
-32.080
27.711
94.549
111.252
84.939
26.030
0.929
21.638
35.944
75.539
144.497
222.258
206.347
62.936
-53.522
-42.641
18.970
146.929
247.509
293.558
111.779
-151.203
-303.268
-294.835
-99.925
76.677
193.362
238.586
137.143
85.697
88.729
114.208
58.163
58.312
115.441
61.534
-41.776
-25.192
80.919
140.861
-8.519
-221.843
-188.522
-34.777
76.741
180.019
247.247
274.242
310.037
191.903
-33.231
22.762
397.193
589.241
367.187
53.253
-108.230
72.498
387.877
309.602
10.165
-302.401
-237.282
98.672
118.279
-215.184
-356.777
-130.663
307.397
645.554
366.822
-177.196
-350.429
-44.785
235.172
348.480
144.282
-33.046
-99.358
-192.902
-560.550
-1090.274
-1668.544
-1987.379
-2087.428
-2104.702
-2114.872
-1930.675
-1775.949
-1674.611
-1673.753
-1646.465
-1094.234
-200.552
403.488
1486.844
2652.827
3037.863
3472.142
3949.730
3146.070
2334.188
1606.924
500.471
-1132.505
-2122.425
-2968.608
-2493.377
-424.497
1189.284
2061.114
1827.775
1459.085
1319.866
612.690
-915.882
-1973.324
-2933.996
-3219.818
-2974.829
-2736.283
-2029.342
-589.336
46.243
40.949
97.105
337.298
473.486
502.225
824.175
1324.706
1914.526
2188.678
1600.514
602.668
563.569
751.968
972.938
850.869
632.632
594.201
488.459
623.964
942.492
963.806
591.587
439.532
671.692
580.008
104.079
-442.707
-969.168
-1464.782
-1905.964
-2126.687
-2488.704
-2718.066
-2670.062
-2604.353
-2587.814
-2355.652
-2077.638
-1315.289
16.052
660.214
1193.050
1608.504
1906.640
2074.920
2043.745
1419.670
429.112
-433.866
-448.275
168.731
898.819
1545.092
1891.226
2189.734
2522.015
2693.740
1847.134
570.361
-78.596
-261.775
-597.479
-1045.819
-1208.087
-1355.362
-1137.063
-783.825
-941.537
-1205.556
-1371.371
-1434.688
-1544.900
-1735.884
-1890.133
-1717.736
-1075.312
-320.058
230.018
752.624
1321.626
1787.569
2031.705
2225.147
2225.347
1520.961
151.045
-236.899
444.972
778.257
1146.067
1288.009
1204.397
1022.726
622.952
-64.876
-481.634
-745.784
-1006.938
-864.049
-228.391
344.068
561.602
301.433
-298.303
-664.869
-1021.189
-1425.511
-1858.351
-1966.683
-1631.347
-1227.307
-847.747
-435.897
107.897
556.253
707.651
817.712
1096.559
1396.410
1634.952
1516.925
597.252
-251.251
-352.125
-155.249
197.938
618.405
1174.919
1191.416
1157.927
1355.409
1554.686
1445.552
967.250
437.940
9.085
-433.414
-955.108
-1462.090
-1881.600
-1937.817
-1744.523
-1126.808
-684.271
-515.615
-581.747
-615.168
-246.090
195.660
590.603
815.706
767.577
510.832
259.687
95.930
387.358
616.489
537.126
96.379
-305.203
-593.270
-784.821
-840.406
-782.187
-560.390
-66.620
336.906
438.213
342.051
14.589
-301.521
-534.157
-721.280
-709.256
-729.079
-833.574
-1024.590
-1251.613
-1427.423
-1535.326
-1627.059
-1685.633
-1771.390
-1753.361
-1575.941
-1266.567
-678.771
-5.970
222.736
580.343
1005.239
1461.536
1725.160
1816.292
1896.663
2002.208
2197.778
2350.350
2361.093
2220.440
2163.996
2044.135
1755.795
1346.740
1089.803
963.548
861.025
693.262
350.686
-36.046
-416.561
-647.765
-854.991
-1055.698
-1224.638
-1406.329
-1597.869
-1760.957
-1795.601
-1735.244
-1648.705
-1524.597
-1324.846
-1172.408
-934.955
-431.867
-38.923
364.820
741.701
1044.995
1289.955
1456.472
1570.379
1651.094
1628.140
1446.865
1120.045
673.736
183.396
-125.834
28.256
653.241
1012.549
1017.965
364.606
-349.621
-791.501
-1128.539
-1313.648
-1328.628
-1041.404
-625.278
-175.737
-146.141
-309.590
-461.726
-730.320
-761.109
-393.588
56.788
187.355
144.593
-13.791
-139.152
-184.616
-115.824
132.466
445.554
693.223
863.940
966.289
844.580
730.254
472.643
156.814
-67.115
-211.155
-371.013
-381.389
-411.262
-491.874
-522.916
-427.580
-350.887
-327.872
-271.789
-257.626
-379.029
-537.110
-555.029
-140.290
171.791
328.319
399.633
461.300
484.367
402.615
399.299
505.270
539.572
393.647
160.900
-122.634
-398.829
-552.789
-490.228
-327.766
-185.610
-138.803
-159.342
-213.122
-227.304
-215.657
-177.847
-173.358
-162.016
-187.971
-218.667
-227.338
-96.480
154.771
276.234
291.828
193.706
87.162
9.800
44.367
196.053
401.978
477.288
430.472
346.486
332.475
361.726
411.577
475.712
497.792
462.804
428.369
326.764
199.670
34.521
-137.165
-346.132
-475.211
-578.999
-569.442
-581.927
-609.315
-654.774
-702.811
-712.589
-643.459
-493.829
-445.217
-519.500
-684.578
-754.000
-689.219
-528.491
-318.310
-180.224
-187.769
-258.982
-156.296
53.149
209.118
253.178
145.443
-25.534
-76.091
30.730
203.133
357.264
483.434
607.286
710.254
650.180
587.822
600.497
618.900
618.484
581.654
480.251
335.523
187.667
39.576
-17.359
-21.931
-8.855
36.456
138.175
276.511
360.086
353.923
294.292
160.718
-50.325
-250.841
-389.727
-467.861
-509.580
-512.897
-378.814
-238.062
-184.771
-135.308
-73.893
-30.561
-21.130
-62.938
-171.426
-232.698
-211.430
-97.615
9.178
64.498
98.002
152.340
192.129
132.502
15.949
-59.984
-190.399
-311.246
-354.407
-302.779
-182.839
-116.249
-37.588
43.088
20.766
-50.783
-111.587
-145.177
-100.594
13.557
158.045
226.788
271.028
306.689
304.936
253.735
223.734
265.079
242.096
216.794
262.798
306.057
279.112
218.092
171.305
159.298
201.162
236.344
272.556
312.751
250.375
97.113
-31.243
-123.555
-214.746
-340.291
-436.345
-508.992
-545.225
-550.834
-504.306
-419.863
-314.165
-211.667
-100.561
-71.780
-101.666
-132.061
-126.944
-74.503
-21.607
67.501
169.822
223.016
202.355
144.380
179.568
297.167
400.161
447.282
368.156
211.040
86.166
67.409
101.983
168.650
200.155
174.029
158.169
194.719
274.395
282.681
145.246
-84.498
-304.928
-519.738
-598.564
-595.226
-452.838
-312.089
-252.552
-220.763
-164.826
-111.487
-133.263
-193.748
-246.974
-287.223
-249.695
-97.944
103.219
345.474
521.360
553.594
487.145
332.330
32.952
-206.434
-325.041
-397.703
-451.744
-445.706
-361.268
-243.374
-163.134
-69.693
40.113
100.256
97.612
64.668
8.127
-42.459
-82.847
-88.534
-68.822
-29.576
57.938
221.568
379.765
507.557
552.044
498.159
331.229
183.438
68.941
14.798
-7.992
-2.594
31.350
44.869
9.629
-78.381
-137.077
-146.287
-102.217
-61.533
-62.403
-125.573
-185.503
-204.016
-229.694
-264.927
-333.907
-342.163
-271.434
-208.396
-191.172
-234.687
-300.477
-312.904
-192.838
2.226
181.100
334.489
432.100
499.608
572.318
627.601
621.938
551.330
328.366
93.872
-142.433
-175.731
-153.989
-94.162
-20.474
57.662
95.814
116.552
132.055
115.347
40.270
-86.998
-218.392
-355.681
-417.506
-415.906
-330.701
-163.138
86.649
