35.516
-42.070
-41.484
-41.376
-41.306
-41.319
-41.032
-40.879
-39.790
-40.321
-41.382
-41.498
-44.606
-44.349
-41.563
-40.299
-39.051
-41.309
-44.451
-49.983
-45.515
-37.562
-33.526
-40.083
-40.612
-55.077
-53.999
-50.231
-54.371
-27.027
-29.862
-35.569
-46.224
-38.229
-44.018
-52.216
-41.559
-27.357
-26.895
-51.269
-60.929
-53.480
-63.109
-84.988
-79.894
-96.337
-110.594
-86.274
-72.290
-40.095
-70.686
-83.299
-90.903
-55.985
-45.112
-86.639
-47.561
-82.979
-120.427
-4.142
-16.282
-70.977
-99.677
-102.364
-76.643
-123.618
-86.671
-76.381
-68.001
-59.742
-46.631
-130.538
-137.141
-43.653
119.171
73.827
-18.959
-27.114
-8.575
11.221
3.912
-27.985
-35.028
-57.357
-83.171
-96.652
-96.636
-50.272
-54.139
-78.327
-27.582
-19.628
26.304
119.953
160.958
34.010
-0.584
-23.168
-205.588
-399.851
-375.928
-198.556
0.411
101.865
-8.532
-158.391
-275.173
-338.446
-305.763
-68.991
77.555
77.993
-13.867
-70.314
-55.849
-39.925
96.335
21.476
1.801
102.180
279.589
292.955
182.520
88.228
422.881
790.528
1086.839
1096.835
1048.773
988.866
717.792
715.443
1086.056
1382.886
1406.996
1051.356
526.677
144.205
-76.747
-291.535
-418.153
-421.025
-336.578
-323.228
-438.622
-489.991
-550.696
-243.491
87.805
240.396
36.106
-85.851
-186.631
-209.941
-111.968
-20.559
-54.884
83.732
129.669
321.303
81.235
-297.236
-421.122
-235.888
2.237
108.563
157.093
165.055
239.099
379.104
725.250
944.205
842.383
619.454
404.697
274.591
255.286
440.112
489.794
443.244
336.952
197.532
142.192
44.754
-5.141
-89.751
-279.758
-259.792
-283.159
-443.822
-647.631
-830.403
-574.619
-307.603
-345.590
-287.090
-99.575
338.001
322.034
44.412
-248.472
-171.061
-193.311
-295.324
-435.937
-534.004
-614.818
-497.890
-378.145
-298.174
-104.961
14.375
32.909
-153.026
-292.308
-251.221
27.774
227.142
392.508
586.721
535.280
519.505
569.689
225.890
-22.824
166.907
477.578
391.370
339.169
624.298
766.169
563.742
282.166
-149.975
-576.253
-558.532
-430.582
-577.293
-832.080
-676.868
-221.093
639.584
915.906
619.222
225.703
-283.452
-457.292
-607.129
-723.064
-576.269
-299.413
-254.484
-512.263
-752.156
-677.123
-485.894
-351.102
-34.787
358.761
163.624
-298.436
-663.338
-453.742
-78.837
-54.143
-72.787
193.588
360.393
250.173
110.303
27.749
-318.690
-598.523
-694.846
-549.212
-384.959
-206.140
-174.027
-63.563
556.197
966.266
965.077
611.152
278.676
27.530
69.711
10.752
71.154
-27.786
-158.656
-335.318
-259.194
-252.909
-230.376
-169.628
-1.720
-211.167
-617.387
-702.273
-393.994
-143.145
-66.280
249.310
705.381
984.836
818.680
518.288
445.809
311.611
464.749
568.875
753.172
887.789
1036.394
1085.286
1059.051
960.117
648.863
287.545
-23.583
-218.510
-313.772
-475.878
-694.816
-719.891
-549.149
-319.256
-295.383
-337.062
-336.816
-106.678
-33.882
17.304
166.524
367.114
475.614
535.301
294.879
-249.082
-904.492
-1207.407
-1036.087
-750.206
-285.180
-231.687
-602.523
-715.663
-805.371
-842.686
-648.348
-268.566
-353.589
-601.802
-593.285
-446.783
-552.263
-439.499
-331.699
-464.552
-1001.751
-1061.679
-839.169
-759.294
-918.532
-687.908
-126.677
234.192
111.919
-129.034
-122.995
244.173
644.857
928.938
883.449
625.648
226.761
13.130
-14.607
60.862
33.135
-273.066
-295.866
-31.333
196.600
113.841
-17.064
50.042
220.610
75.644
-163.885
-219.021
212.119
401.101
243.357
12.078
125.330
424.428
605.120
666.525
723.290
775.237
908.154
957.357
938.993
939.164
751.546
452.370
327.741
226.387
66.037
-59.797
-178.209
-257.439
-302.837
-261.347
-232.568
-104.138
28.374
166.752
367.606
480.728
312.297
-216.693
-506.758
-521.471
-493.530
-574.780
-473.497
-99.551
218.193
37.350
-368.748
-702.232
-799.613
-733.564
-539.831
-449.283
-510.861
-558.017
-516.578
-439.404
-526.409
-589.336
-472.898
-311.599
-128.835
-70.301
-112.585
-239.759
-298.933
-181.647
138.099
286.626
449.059
556.625
534.861
315.234
-54.318
-211.191
74.067
96.105
-221.600
-386.598
-90.544
233.643
314.782
331.416
364.747
186.303
129.014
-83.918
-205.348
-300.221
-177.110
-10.783
177.075
170.347
142.956
163.563
306.616
377.966
405.355
460.752
542.085
516.641
413.046
439.346
625.599
863.850
980.859
940.281
917.982
865.842
870.682
805.595
792.235
789.113
738.520
642.482
576.133
416.335
173.465
104.470
80.390
65.470
43.655
32.213
43.690
201.243
274.395
58.995
-293.014
-462.447
-411.003
-191.909
-80.443
-149.035
-342.427
-453.083
-406.957
-370.608
-420.880
-502.535
-529.567
-619.507
-792.453
-698.412
-425.710
-301.528
-414.870
-542.880
-445.070
-307.732
-234.968
-245.490
-277.165
-326.420
-382.387
-358.822
-266.305
-291.396
-431.336
-448.699
-397.199
-394.450
-490.032
-507.087
-392.740
-245.549
-124.805
-161.933
-233.445
-453.663
-630.614
-675.175
-545.948
-283.819
-256.198
-293.991
-312.625
-204.564
-76.108
1.679
114.009
221.604
370.315
487.418
495.897
473.338
604.424
731.197
757.757
726.121
676.532
645.112
658.720
744.241
783.746
767.861
679.075
517.024
464.039
400.670
347.831
277.976
266.960
305.631
324.954
295.508
154.528
13.278
66.587
184.958
348.503
461.045
478.697
302.818
28.574
-171.991
-180.757
-93.345
144.637
382.047
519.977
482.886
340.529
352.443
380.276
243.620
-43.877
-313.418
-399.593
-424.025
-422.730
-336.275
-336.454
-428.631
-614.267
-695.575
-566.842
-404.274
-381.621
-399.573
-514.742
-609.146
-644.542
-593.698
-457.141
-318.470
-141.008
-74.881
-103.636
-255.899
-417.601
-378.658
-168.906
93.178
186.804
112.705
50.960
15.869
-56.069
-120.777
-147.116
-108.634
-89.391
-79.513
-88.458
-86.081
-13.840
87.831
156.299
168.645
121.241
196.584
242.402
198.800
141.645
142.367
150.246
58.853
39.664
-9.529
-132.838
-240.318
-194.553
-90.599
-86.625
-69.101
66.176
270.864
360.741
293.857
156.912
151.056
165.421
189.535
198.096
157.498
144.024
177.454
206.123
297.081
279.671
273.630
376.116
468.578
464.096
375.827
280.200
125.698
38.862
24.680
-9.381
-58.407
-96.762
-98.098
-58.951
-23.487
-18.546
-70.625
-117.573
-253.593
-339.024
-194.614
-75.200
-101.338
-150.163
-218.962
-178.854
-128.735
-173.080
-217.203
-196.091
-95.342
-33.200
-109.461
-182.770
-178.720
-93.927
-13.419
0.204
-14.251
-1.702
46.399
57.935
-26.538
-93.223
-100.992
25.616
49.313
33.955
19.150
23.064
65.199
87.744
47.453
-7.374
-33.926
-52.252
-42.460
-30.762
-22.671
-2.062
52.051
127.913
194.638
241.008
190.551
167.330
112.815
132.307
135.928
78.290
18.383
-58.413
-155.780
-264.302
-324.045
-305.397
-226.607
-206.587
-160.290
-106.253
-93.921
-55.049
34.472
134.908
153.291
141.555
111.372
105.398
123.978
105.518
60.424
25.042
74.936
169.158
265.310
285.581
213.088
209.962
155.009
104.409
27.126
-36.173
-93.677
-123.001
-150.570
-199.942
-254.203
-243.707
-247.073
-224.628
-205.771
-207.766
-194.062
-187.946
-213.515
-178.612
-182.473
-179.239
-210.375
-186.110
-132.502
-61.214
2.204
80.069
133.447
99.998
83.319
125.149
130.768
88.491
21.130
-0.944
1.612
6.391
-37.818
-83.181
-28.987
85.106
135.411
154.581
186.951
168.955
142.078
181.909
199.859
159.325
98.167
147.555
203.422
226.686
197.247
97.841
28.997
-2.597
-12.804
-19.498
-11.271
20.286
71.761
124.674
117.852
64.033
-29.921
-94.870
-160.132
-159.940
-132.628
-70.629
-6.934
17.744
33.892
-11.121
-8.139
36.892
56.034
126.411
173.560
122.983
61.256
45.859
29.477
-21.584
-3.991
32.317
42.086
-22.350
-29.087
27.466
62.384
44.828
62.797
53.111
63.306
82.790
45.833
8.245
-65.459
-57.819
-23.795
-19.614
-50.730
-80.134
-111.410
-139.327
-152.039
-102.944
-56.408
-87.494
-120.484
-101.971
-99.809
-93.414
-102.416
-104.279
-97.678
-68.042
-68.345
-67.466
-80.987
-95.551
-76.894
-101.085
-63.432
27.155
98.051
130.504
114.708
96.573
98.547
118.849
136.298
100.465
51.548
-19.240
-53.490
-55.193
-32.056
-10.879
25.749
28.370
42.585
71.317
102.608
88.025
73.896
106.941
93.416
70.523
34.822
19.164
38.642
68.527
105.600
106.143
104.842
106.615
92.794
64.601
34.814
31.914
17.723
-9.047
-35.439
-46.938
-63.601
-57.609
-73.360
-76.871
-82.253
-106.648
-94.469
-121.074
-91.937
-61.672
-35.221
-43.759
-27.442
-16.869
-17.019
-25.250
-9.411
18.037
24.892
19.179
30.772
34.270
6.959
-20.099
-19.417
-44.559
-39.762
-79.483
-116.450
-128.875
-94.037
-58.484
-111.779
-131.792
-133.453
-131.049
-167.501
-200.239
-197.494
-174.303
-165.006
-165.016
-154.372
-142.255
-129.531
-138.570
-158.406
-183.759
-192.267
-188.186
-199.425
-161.167
-122.759
-124.007
-130.960
-133.880
-112.937
-145.954
-122.167
-71.175
-37.321
-21.633
-5.066
-13.238
-11.190
-0.659
9.368
19.179
59.940
75.715
73.625
80.681
114.581
158.196
172.573
169.315
169.461
151.992
160.140
162.273
149.882
104.834
39.041
38.632
107.387
146.469
154.488
150.647
147.262
147.116
156.325
162.973
149.810
134.936
95.588
52.971
47.447
52.226
89.883
116.539
120.584
126.372
112.477
109.371
106.013
76.627
53.254
15.544
32.520
50.496
56.130
45.896
29.109
5.788
3.664
6.314
7.718
5.902
12.094
17.557
14.333
-11.231
-49.849
-69.493
-69.642
-75.500
-80.647
-84.524
-92.616
-122.191
-142.143
-121.139
-122.708
-108.469
-94.287
-67.055
-64.552
-58.523
-51.548
-52.517
-51.862
-58.676
-38.718
-26.166
-17.968
1.109
18.163
-0.336
-7.156
14.941
31.429
58.918
54.404
62.972
58.006
43.492
54.151
50.418
86.875
89.240
86.879
62.913
61.619
78.827
101.606
99.024
88.143
87.308
75.589
38.783
-2.432
-2.184
20.459
35.689
36.194
8.813
-7.179
-56.895
-87.817
-68.282
-38.591
0.558
-9.570
-33.639
-57.098
-75.896
-61.769
-63.333
-45.106
-48.027
-47.158
-54.737
-54.664
-50.103
-60.607
-60.532
-47.630
-34.568
-29.489
-12.228
7.712
43.368
37.537
26.791
42.595
38.325
40.197
-6.908
-18.332
-27.240
-16.063
-16.050
-13.111
-25.116
-29.901
-32.439
-32.530
-26.215
-31.242
-37.158
-60.764
-54.528
-38.683
-6.002
10.470
0.834
17.599
3.098
-9.507
0.214
9.077
43.997
48.758
86.970
108.596
107.895
103.656
98.781
94.092
72.933
71.889
47.526
31.413
32.966
52.572
77.852
92.871
104.857
77.531
53.840
3.527
22.195
36.625
77.895
92.040
68.170
