52.385
20.833
19.838
19.517
19.248
18.939
18.649
17.925
17.335
17.021
15.224
13.227
12.802
13.466
17.255
19.488
17.388
12.124
9.963
9.281
7.105
5.835
7.738
6.257
-4.260
-6.442
-7.172
-11.072
-0.936
-2.894
5.803
-9.645
-0.786
12.759
30.623
21.729
-16.830
-27.102
-26.492
-30.312
-51.167
-30.440
-21.477
11.265
31.537
9.381
-24.672
-19.565
-5.510
0.248
14.261
32.868
1.946
5.060
-2.866
1.378
-7.480
-16.985
-14.740
17.988
41.734
26.528
34.226
-106.817
-137.523
-153.995
-47.359
-0.702
30.263
26.882
23.732
12.487
-71.402
-84.945
-137.886
-119.657
-34.979
67.181
10.474
42.420
5.449
-75.591
-193.333
-213.552
-113.118
-113.344
-184.390
-124.766
-54.306
81.428
34.702
-24.169
-72.552
-84.762
-75.585
-167.487
-61.454
124.652
173.135
-107.427
-313.084
-362.640
-265.570
-242.191
-253.782
-201.857
-198.184
-195.387
-140.678
-149.794
-95.873
52.621
35.520
-250.289
-432.860
-374.429
-92.112
-66.764
-247.110
-308.717
-128.717
21.550
-84.856
1.693
61.047
135.079
135.289
-54.054
-262.931
-393.009
-422.567
-308.454
-176.351
-131.794
-127.306
38.994
34.089
-125.126
30.643
34.627
-138.388
-211.952
-113.232
-51.351
-101.494
45.505
193.264
141.899
118.589
294.419
452.735
351.611
218.708
147.863
50.587
-270.097
-474.502
-336.627
-173.389
-26.390
335.532
612.516
580.957
318.450
294.370
276.150
303.502
53.506
177.470
347.392
455.222
403.197
407.352
385.615
409.495
350.103
382.264
402.444
520.868
416.793
84.593
-64.373
-53.400
-9.364
445.957
550.543
220.216
8.489
177.161
323.408
334.935
220.087
-8.571
-68.427
-238.012
-274.760
-88.876
166.620
105.142
59.227
133.571
99.899
298.424
313.160
400.676
459.844
433.654
402.811
307.457
-245.765
-311.127
-145.435
-69.314
44.944
188.172
334.801
290.635
356.534
358.922
649.988
511.529
95.692
-290.959
27.420
45.768
79.432
182.563
222.192
150.272
39.540
147.407
113.185
-130.473
-206.333
-77.704
286.776
372.633
60.155
-67.993
83.228
-14.896
-190.063
-387.401
-861.253
-759.422
-337.366
-112.479
-73.403
-92.460
12.755
58.379
66.801
194.964
391.128
612.712
392.329
62.716
-365.880
-536.695
-634.194
-244.871
53.347
241.031
312.822
303.510
375.226
298.131
119.824
50.207
39.888
172.248
196.364
-78.636
-37.104
194.095
301.115
111.893
-62.227
-105.885
-648.362
-1016.381
-1066.124
-720.959
-357.668
-329.528
-164.593
-253.328
-570.512
-825.787
-607.330
-280.414
16.193
184.496
304.772
360.440
430.416
561.587
529.097
489.152
401.437
-31.584
-285.119
-50.429
252.233
256.493
159.425
108.262
100.652
29.866
107.340
350.644
146.755
-296.039
-461.232
-533.259
-548.074
-567.945
-180.383
137.112
356.255
292.900
308.253
280.428
343.830
333.535
351.729
316.371
406.210
602.191
725.077
676.414
637.225
447.054
130.941
-0.491
-29.662
69.050
102.325
-26.915
-196.301
-357.462
-544.287
-748.214
-735.088
-653.607
-673.160
-947.138
-883.106
-614.798
-595.300
-538.287
-426.713
-244.835
-134.953
-233.091
-600.616
-580.664
-385.940
-66.422
254.836
537.550
437.859
0.147
14.282
286.235
183.200
59.164
-187.848
-411.404
-571.845
-700.588
-700.928
-669.989
-731.860
-730.313
-703.470
-564.381
-504.155
-319.880
-385.004
-457.847
-466.634
-325.593
-242.006
-242.983
-325.209
-457.253
-373.584
-226.142
13.620
281.665
374.557
379.509
238.173
-33.041
-8.343
171.950
244.715
344.587
384.403
304.221
164.027
240.890
514.368
513.491
276.648
-79.961
-346.895
-436.465
-538.895
-391.727
-193.604
-32.129
26.823
183.881
210.349
12.826
28.747
233.209
395.502
454.037
377.243
291.046
279.795
260.724
373.498
396.131
532.443
550.859
495.875
466.306
443.645
394.191
304.322
218.634
89.529
87.184
143.395
224.077
141.329
-85.674
-135.443
-179.361
-345.346
-588.467
-613.326
-541.277
-513.698
-396.290
-403.619
-236.742
-188.396
-253.430
-331.309
-459.189
-534.002
-619.748
-426.451
-339.252
-273.056
-199.653
-3.837
6.332
-26.492
-28.388
123.978
211.328
48.359
-195.031
-116.022
243.495
434.464
429.937
482.247
562.126
541.480
581.124
691.807
660.073
509.536
515.481
741.505
876.185
773.083
655.141
477.348
360.536
360.668
459.258
626.318
790.568
871.514
806.601
700.162
445.560
148.728
99.341
79.456
151.074
123.567
27.116
139.204
248.802
188.911
9.448
-119.733
-251.871
-296.922
-360.263
-486.071
-610.003
-641.768
-577.397
-421.568
-410.553
-370.423
-364.854
-349.382
-319.337
-296.647
-333.271
-344.579
-326.599
-212.848
-141.800
-162.421
-294.048
-578.529
-730.952
-736.051
-620.415
-530.206
-416.744
-245.983
-131.576
-113.159
-113.360
-192.623
-290.212
-318.136
-236.942
-128.713
-214.317
-335.627
-316.164
-175.508
33.971
223.725
310.479
259.139
217.267
153.480
19.136
-15.855
84.292
228.803
371.139
586.888
699.857
647.137
464.808
355.435
287.226
318.175
276.130
234.510
378.517
501.959
476.825
375.125
318.761
301.011
255.475
248.700
305.468
298.921
283.615
254.568
208.559
114.866
5.121
-128.269
-210.782
-147.409
-82.806
-30.334
-84.160
-162.142
-145.695
-152.019
-239.266
-232.340
-29.939
61.983
172.329
127.298
-136.498
-315.830
-283.766
-233.907
26.899
219.792
195.792
88.363
78.420
63.544
-236.976
-545.201
-641.413
-546.424
-345.004
-176.624
-72.508
-73.971
-98.177
-241.780
-330.151
-364.806
-289.978
-383.207
-543.849
-525.134
-402.235
-210.884
-116.725
-34.277
-53.357
-103.019
-227.706
-420.204
-445.070
-357.979
-254.240
-186.460
-122.662
-158.247
-136.367
-101.617
-58.364
-144.912
-328.435
-456.461
-423.538
-299.898
-141.439
108.872
323.259
433.330
432.526
383.933
335.381
267.107
114.722
4.189
-84.481
-28.150
39.226
55.055
-12.053
109.967
443.655
716.842
790.324
642.333
382.340
170.945
80.344
93.848
169.799
228.412
331.400
374.488
427.843
599.679
615.437
604.436
583.529
429.109
279.109
231.854
265.057
255.219
250.924
283.972
257.279
220.012
173.100
164.774
203.756
126.909
34.429
-13.400
-2.546
-77.624
-100.072
-135.543
-158.961
-200.852
-178.048
-132.321
-115.969
-129.388
-175.549
-247.403
-450.207
-443.505
-359.829
-327.484
-442.070
-532.730
-541.865
-386.585
-268.237
-226.617
-284.183
-278.220
-238.902
-293.861
-326.292
-237.003
-161.631
-80.050
-16.065
-0.513
0.370
-54.096
-65.278
-86.836
-24.873
-59.215
-72.383
-36.251
34.380
41.465
84.776
175.197
231.792
252.646
197.154
116.440
34.130
34.637
69.664
98.771
110.366
151.062
125.075
141.114
195.151
221.767
219.719
179.560
82.086
-6.320
-52.566
-5.876
24.955
35.009
-13.812
-75.009
-88.420
-42.766
-1.702
37.224
132.679
145.752
68.409
44.467
51.041
102.974
183.039
296.562
217.751
121.762
14.634
22.537
55.171
84.459
99.935
96.353
131.306
72.192
16.751
-38.484
-51.440
-16.773
-3.649
-49.810
-129.632
-120.740
-87.703
-46.867
-68.982
-90.789
-72.546
-163.272
-261.901
-219.227
-129.871
-113.651
-128.613
-144.639
-175.311
-155.326
-123.848
-19.492
-27.499
-92.572
-128.075
-121.060
-102.414
-112.092
-58.486
-26.447
18.061
27.578
27.226
-2.882
-67.926
-96.638
-46.733
-23.339
-22.712
-10.258
-19.828
-57.208
-14.147
13.136
34.812
47.009
85.648
27.470
-26.160
-15.680
11.524
75.221
100.652
133.105
148.247
207.436
197.640
154.453
103.695
58.322
6.635
-13.911
-4.201
45.864
144.480
176.556
139.913
108.563
121.864
129.223
53.056
69.896
32.323
21.120
45.147
42.530
93.011
147.287
182.461
166.441
177.541
182.229
170.886
167.632
187.763
212.534
191.347
162.602
172.463
243.037
270.986
279.156
273.669
242.903
194.402
156.431
199.470
176.540
114.252
56.875
-1.730
-65.579
-74.348
-67.818
-134.707
-213.058
-255.388
-301.636
-346.767
-411.856
-414.422
-387.263
-352.616
-317.322
-234.803
-231.094
-217.360
-252.652
-265.334
-275.698
-352.099
-340.746
-344.151
-309.055
-247.194
-187.173
-143.076
-127.784
-140.031
-168.065
-172.765
-179.750
-199.812
-232.425
-223.680
-177.065
-148.213
-123.702
-78.664
7.451
17.288
0.804
-16.748
6.393
33.346
10.946
38.553
25.614
40.014
91.640
164.119
200.776
226.965
256.772
251.989
222.530
204.874
192.536
189.385
178.787
162.484
106.330
80.791
85.876
116.981
101.798
96.070
81.660
60.288
55.904
38.915
84.941
72.158
83.889
78.282
88.448
100.190
124.420
151.337
170.837
188.874
197.021
208.710
207.320
198.861
158.261
123.862
104.692
128.851
168.808
120.166
87.949
71.101
52.786
41.370
-10.586
-4.917
-44.258
-77.370
-120.030
-148.396
-172.815
-197.850
-230.915
-233.250
-230.602
-232.651
-209.707
-183.914
-188.408
-219.206
-228.271
-220.110
-228.591
-218.105
-250.821
-257.806
-244.629
-225.746
-206.832
-219.051
-164.870
-165.543
-163.191
-174.413
-163.705
-140.110
-93.996
-81.221
-51.780
5.550
11.098
-24.619
-43.672
-22.472
-6.832
-1.413
22.551
68.547
122.159
114.404
116.786
112.746
107.938
110.067
107.928
158.621
152.051
119.318
103.037
106.497
102.203
87.852
91.735
108.237
142.630
159.157
158.713
146.792
142.713
137.151
117.643
84.850
61.429
93.323
72.337
70.167
96.944
137.285
160.535
119.603
135.185
105.457
85.133
68.923
70.926
63.807
58.090
54.452
39.371
33.357
38.030
53.923
60.974
68.266
64.725
58.989
40.555
19.675
38.400
-0.263
-6.503
10.089
27.935
21.151
-20.872
15.696
28.954
44.862
46.440
37.252
15.753
-2.819
-3.778
10.431
33.845
49.246
52.625
30.599
-15.100
-33.969
-25.126
-2.569
-1.341
19.789
-10.083
-48.554
-84.485
-105.895
-102.539
-111.005
-101.323
-123.512
-162.193
-188.559
-169.970
-146.389
-138.195
-135.362
-131.603
-128.556
-139.121
-126.166
-84.121
-36.703
-18.961
-8.965
3.059
16.221
53.199
41.009
50.197
48.695
54.025
48.418
10.364
57.831
65.553
86.881
95.651
92.397
74.423
69.697
65.805
61.594
75.784
68.549
65.877
66.174
58.586
58.784
49.865
41.925
23.274
34.034
5.872
16.248
49.936
68.111
56.803
5.422
26.966
15.224
-4.113
-13.875
-5.501
-11.229
-24.434
-42.745
-73.041
-88.747
-95.374
-91.810
-96.830
-98.790
-80.370
-59.386
-51.314
-36.367
-9.344
-36.403
-59.164
-86.480
-111.673
-115.976
-141.158
-81.502
-42.436
-30.096
-36.892
-39.676
-43.885
-59.354
-61.940
-73.236
-53.009
-24.934
1.136
1.278
5.854
-0.350
6.688
7.168
26.681
69.247
52.665
38.559
51.365
54.369
29.597
