-0.002
0.001
-0.257
-0.591
-0.989
-1.249
-0.415
1.016
-3.003
-5.986
-0.691
13.953
24.098
17.447
-2.061
-6.734
8.626
19.971
26.801
5.764
-20.485
-16.844
1.563
29.990
12.261
-31.511
-63.156
-43.221
11.265
26.606
18.130
-11.121
-15.599
-13.019
12.463
10.646
25.564
41.204
60.508
26.565
-38.575
-102.324
-107.594
-38.420
16.588
5.461
-39.991
-54.186
-3.531
42.261
42.838
59.019
90.998
61.649
-16.677
-57.848
-26.537
60.337
60.595
-16.911
-96.627
-92.557
-27.194
19.540
15.682
25.963
69.699
73.681
46.060
-9.402
21.941
54.250
76.264
28.725
-40.764
-82.853
-88.684
-67.033
-12.471
23.325
14.089
-16.570
-52.539
-40.069
-16.407
5.971
-5.264
-18.478
12.797
59.572
95.356
51.188
39.748
46.992
25.692
10.985
-30.744
-69.967
-87.989
-103.940
-43.325
51.679
83.885
66.280
-41.205
-59.084
-54.711
-13.122
-42.067
-47.320
-24.365
36.642
26.220
-62.686
-102.395
-69.931
-9.814
26.100
-0.289
7.277
7.625
13.344
80.138
85.057
78.200
-19.137
-136.701
-104.280
-39.123
57.206
79.318
35.773
27.227
75.644
138.534
132.642
41.189
-29.304
-81.341
-70.754
-36.102
27.316
36.989
-11.601
-2.531
-7.230
19.111
108.099
64.540
-73.024
-103.658
-33.525
71.439
97.062
69.059
110.116
93.875
-38.244
-201.875
-216.083
-96.137
-21.764
-19.464
-65.055
-115.245
-161.936
-176.516
-11.848
149.411
256.207
195.469
140.933
167.399
152.159
100.125
-6.514
-46.768
-30.915
-30.852
4.004
38.213
28.362
52.013
78.741
32.339
-21.108
-99.325
-80.912
-146.612
-147.537
-24.808
54.035
1.718
-150.065
-148.538
-2.800
121.760
153.257
106.862
92.986
44.743
35.086
-30.406
-98.548
-83.710
-112.584
-149.046
-133.305
-127.954
-100.583
-45.324
88.246
115.416
164.280
118.606
36.171
-50.768
-23.659
35.678
162.586
154.565
37.697
-28.627
-1.700
-43.530
-171.382
-128.680
-7.122
44.476
-25.073
-113.876
-156.185
-124.267
-65.681
16.262
86.246
133.690
72.428
14.810
-120.051
-200.444
-196.940
-65.082
55.261
18.479
-100.513
-142.158
-68.010
138.518
342.246
347.151
222.383
129.220
94.750
30.302
-49.520
-100.264
-39.721
-45.864
-199.735
-310.460
-233.971
-72.641
27.428
161.060
215.494
97.201
70.902
128.368
239.421
183.455
10.865
-119.560
-107.386
9.485
72.379
22.692
-144.438
-226.572
-197.517
-177.992
-75.487
4.703
-3.372
-11.694
78.713
166.902
289.473
340.790
218.996
75.223
-4.532
-3.360
-11.344
-22.507
-64.159
-82.846
-35.473
113.129
168.472
57.021
-128.094
-156.321
1.220
149.206
93.680
-30.526
-34.260
-11.397
7.390
-64.780
-187.556
-233.731
-231.039
-122.928
-123.999
-50.484
47.537
146.591
182.699
105.701
44.526
-63.514
-208.026
-277.690
-299.474
-249.751
-232.085
-199.329
-182.435
-110.302
-114.838
-186.024
-180.761
-95.497
-40.403
39.132
98.199
99.165
61.718
86.017
219.363
481.746
722.697
766.490
560.817
323.231
86.640
2.881
44.971
171.584
216.788
182.027
167.685
199.522
275.566
296.532
268.831
215.463
250.424
248.615
114.002
-165.953
-503.120
-748.831
-757.325
-604.300
-538.231
-540.924
-578.998
-562.662
-509.027
-374.693
-286.943
-201.936
-117.033
-56.162
-43.761
-24.042
-11.393
10.023
94.974
263.306
402.341
378.564
225.705
59.751
-30.239
-32.730
-62.411
-81.515
-102.664
-130.347
-171.017
-221.933
-233.246
-134.234
94.667
280.138
333.172
254.705
204.701
185.221
197.766
224.544
201.534
152.052
119.799
237.450
359.771
396.208
329.996
212.321
75.311
-16.651
-97.696
-263.245
-483.045
-734.615
-855.690
-840.713
-689.192
-537.406
-443.278
-521.710
-658.924
-739.103
-674.442
-494.648
-313.149
-143.720
88.303
315.460
418.950
469.088
502.070
562.855
629.193
675.200
702.971
667.184
600.609
583.095
647.165
769.581
895.253
901.971
792.163
689.054
641.665
655.178
713.239
782.100
878.154
883.438
762.862
529.398
247.234
31.946
-126.768
-288.106
-383.847
-488.627
-533.774
-544.574
-571.725
-684.452
-807.645
-854.320
-786.442
-640.859
-466.844
-275.435
-131.730
15.816
137.434
325.048
557.223
667.618
554.765
335.700
193.380
263.901
481.645
471.980
97.145
-470.933
-1016.333
-1383.265
-1427.785
-1352.522
-1379.358
-1407.705
-1246.798
-899.678
-450.961
-67.388
156.898
308.044
387.629
489.650
463.614
491.957
466.532
396.736
296.316
201.045
161.135
198.540
473.700
893.186
1254.932
1416.555
1195.015
853.646
465.793
256.893
239.779
281.239
285.822
281.864
280.168
138.442
-177.093
-593.729
-1048.864
-1382.475
-1555.949
-1428.116
-1083.416
-766.307
-594.728
-559.146
-672.703
-723.327
-730.497
-655.495
-529.048
-426.846
-357.318
-213.134
1.742
222.888
392.560
546.961
610.576
558.655
380.995
133.846
-100.054
-205.670
-102.261
140.831
439.373
601.275
446.366
25.521
-401.128
-747.524
-856.468
-785.975
-627.965
-505.982
-475.596
-458.614
-322.674
-81.450
242.828
554.975
776.422
784.615
563.587
235.430
-141.555
-477.276
-644.862
-738.366
-795.372
-826.596
-694.724
-380.049
-90.069
35.977
0.063
-35.757
58.402
391.336
869.073
1315.693
1511.601
1315.927
774.047
215.433
-176.230
-181.384
61.950
325.770
361.901
239.783
211.458
376.246
522.043
499.679
237.686
-132.213
-473.060
-635.782
-568.407
-393.632
-233.691
-232.030
-304.764
-324.749
-191.694
6.701
195.708
372.546
471.136
493.934
535.417
636.411
786.986
884.221
905.404
823.144
724.187
712.549
689.950
552.267
309.408
55.384
-75.634
-60.861
-5.009
61.260
92.620
127.549
148.048
180.773
243.928
290.515
372.089
410.428
448.763
383.799
270.064
192.801
137.067
53.681
-127.657
-339.521
-593.133
-814.374
-1010.016
-1125.956
-1227.895
-1238.701
-1103.388
-915.067
-768.092
-743.307
-816.662
-957.661
-1051.785
-907.299
-551.589
-9.936
604.894
1125.281
1545.135
1812.496
1982.104
1842.750
1518.296
1154.380
654.663
243.788
4.168
-3.329
134.599
277.497
357.920
218.338
-52.701
-305.522
-481.773
-561.014
-598.203
-585.843
-587.834
-606.055
-678.769
-755.071
-849.958
-945.987
-998.336
-1042.197
-1052.444
-1038.426
-1129.223
-1291.420
-1372.298
-1193.245
-710.915
-192.369
134.076
127.141
-28.013
-191.286
-230.378
-150.211
-40.506
33.929
114.906
219.020
302.120
323.392
298.861
242.238
153.344
31.021
-92.521
-184.634
-212.503
-104.103
117.264
397.647
637.418
737.552
697.962
588.644
518.007
595.419
808.381
1023.726
1166.141
1183.696
1121.561
1002.573
885.623
804.173
776.260
714.896
473.301
104.414
-274.232
-533.660
-603.024
-464.442
-215.790
-48.418
-68.551
-275.179
-558.291
-802.539
-934.922
-934.637
-769.518
-464.640
-146.635
49.920
156.560
126.054
-16.036
-144.770
-153.669
-51.792
145.112
331.373
430.946
423.717
337.899
199.017
70.045
-15.347
-14.931
84.259
252.046
412.599
549.807
619.944
590.816
523.283
386.316
200.183
-57.579
-328.205
-482.310
-566.134
-588.503
-611.076
-630.340
-483.139
-195.544
93.270
356.605
457.951
260.005
-78.006
-444.509
-726.419
-781.737
-532.380
-180.698
65.738
97.323
-119.827
-418.706
-639.036
-711.619
-725.795
-725.833
-739.191
-768.495
-742.702
-606.008
-375.893
-141.077
75.042
232.030
292.146
344.660
416.603
529.845
550.805
492.233
366.623
249.578
203.718
215.362
264.301
303.061
289.569
266.553
225.230
129.047
13.736
-38.333
-22.669
90.141
255.617
423.311
532.587
519.355
436.015
352.250
283.305
249.344
259.819
223.529
80.477
-101.379
-298.525
-412.245
-388.612
-313.870
-238.765
-212.896
-213.202
-212.757
-240.899
-239.670
-209.492
-164.914
-130.147
-92.559
-89.701
-114.471
-159.016
-238.158
-302.624
-276.649
-103.160
71.826
159.595
106.996
-66.196
-281.718
-385.693
-313.647
-72.601
264.527
544.935
661.092
658.904
563.239
444.937
363.319
351.786
356.526
308.799
221.342
113.160
47.245
51.371
108.320
185.143
228.462
195.008
75.763
-16.315
-49.153
8.236
130.795
280.603
369.995
350.567
250.351
97.889
-74.452
-195.948
-244.256
-212.376
-117.094
38.951
207.738
305.381
299.072
179.233
-49.582
-292.348
-449.391
-453.002
-307.606
-73.441
111.745
204.912
230.412
247.895
275.796
350.408
442.678
510.605
494.854
362.899
161.146
-17.749
-114.546
-123.216
-96.901
-119.230
-185.006
-235.311
-236.369
-221.509
-208.204
-197.401
-197.299
-217.257
-286.509
-368.551
-461.690
-563.174
-625.583
-602.338
-504.817
-339.015
-154.985
-15.989
54.516
15.762
-63.336
-117.637
-59.137
109.347
273.312
363.808
324.361
159.348
-10.671
-117.194
-107.664
-25.955
85.643
149.971
155.023
122.960
90.872
97.878
168.685
254.308
269.621
211.031
135.049
95.166
64.526
24.386
-93.662
-277.524
-402.768
-441.115
-420.821
-360.866
-284.052
-257.932
-246.926
-252.403
-249.152
-217.364
-148.336
-72.323
-28.788
-28.602
-65.782
-117.997
-137.990
-125.728
-108.423
-75.991
-70.345
-85.260
-71.856
-11.296
68.099
132.801
102.419
-2.027
-112.260
-194.518
-231.861
-178.163
-112.444
-62.079
-29.867
-9.829
48.094
178.494
311.087
419.707
434.439
385.788
313.478
263.228
248.787
225.074
176.840
115.944
66.009
71.325
137.969
167.766
138.763
75.034
42.230
86.647
182.900
278.707
338.502
322.084
245.369
159.796
107.053
73.426
63.474
45.527
-31.935
-161.290
-279.544
-365.717
-397.357
-402.014
-345.050
-225.064
-24.351
164.207
269.211
265.023
154.490
34.016
-77.641
-111.598
-92.821
-45.844
-7.646
-6.067
-32.573
-50.841
-50.134
-9.407
59.116
129.371
155.321
108.771
19.269
-72.354
-93.280
-59.872
-22.573
-35.458
-99.933
-237.823
-387.283
-483.630
-534.270
-502.136
-424.349
-334.529
-267.402
-236.691
-225.589
-215.093
-159.776
-114.415
-92.911
-91.994
-88.077
-48.109
40.911
165.609
276.911
331.943
352.149
340.566
296.914
223.221
155.646
85.129
52.181
31.362
23.548
-8.082
-60.559
-90.511
-68.273
-3.662
92.728
203.546
283.901
292.173
274.992
222.450
142.704
79.413
40.265
64.412
108.976
148.906
150.546
91.741
12.241
-71.946
-129.804
-149.552
-159.497
-116.666
-100.724
-96.311
-126.849
-147.797
-140.316
-121.980
-91.159
-62.149
-63.193
-96.433
-158.100
-215.717
-237.803
-218.082
-174.229
-150.003
-142.405
-166.970
-193.097
-202.565
-189.539
-181.336
-162.667
-136.262
-120.937
-92.973
-80.303
-58.115
-23.052
-20.251
-4.909
32.039
91.666
141.371
159.840
119.624
55.640
12.223
1.142
42.838
77.247
88.660
46.190
-35.120
-102.283
-139.886
-135.755
-99.573
-22.897
53.679
149.582
223.421
289.177
287.977
262.283
225.199
199.937
198.114
206.846
247.757
282.230
282.094
265.270
235.212
242.731
246.540
254.343
252.836
254.845
256.215
271.214
307.486
338.356
338.484
306.609
271.868
256.149
245.923
224.436
157.443
36.722
-85.209
-152.354
-180.033
-153.544
-123.543
-103.828
-111.214
-117.087
-111.233
-104.228
-84.125
-43.469
-29.238
-10.752
0.685
5.905
11.856
-10.796
-49.699
-93.180
-134.644
-166.092
-205.680
-251.188
-285.985
-308.438
-324.678
-337.386
-340.108
-331.385
-276.822
-199.108
-104.015
-27.206
12.807
12.993
-14.849
-55.281
-92.439
-95.068
-49.237
-3.841
23.938
-9.724
-83.461
-148.907
-157.516
-113.750
-71.005
-42.250
-17.625
19.381
23.193
43.260
91.245
149.570
181.889
170.283
124.794
58.521
-6.277
-24.257
-28.400
-10.311
-9.500
-9.863
-19.831
-15.453
-20.212
-7.136
30.095
90.979
152.567
176.328
174.868
167.263
181.277
198.063
220.847
230.292
251.153
287.031
314.219
343.163
319.457
246.396
156.883
103.234
83.071
96.374
85.768
56.002
-9.853
-55.048
-84.184
-95.254
-131.615
-155.192
-202.229
-217.599
-209.282
-178.152
-176.718
-157.017
-169.233
-162.544
-127.156
-81.713
-38.182
-36.226
-47.728
-63.051
-37.618
16.313
65.844
96.778
100.287
82.133
64.810
33.287
19.246
2.640
-7.066
-25.889
-40.509
-52.157
-78.312
-125.328
-152.366
-166.250
-154.216
-123.478
-81.480
-66.048
-99.752
-136.222
-164.007
-172.340
-131.396
-90.832
-45.882
-34.494
-37.867
-32.290
-11.919
17.785
36.842
58.746
52.997
38.063
27.361
46.663
52.374
53.600
43.295
28.049
24.464
44.332
86.240
92.208
72.748
33.954
1.517
9.921
23.060
36.197
30.355
13.845
-3.533
-1.497
29.142
54.157
60.783
69.781
84.288
126.905
180.000
211.717
211.587
153.784
88.561
36.490
0.894
13.768
24.424
42.364
44.516
41.843
44.400
53.838
53.986
47.372
12.610
-13.399
-27.336
-10.842
9.504
17.651
-7.251
-48.870
-103.716
-136.400
-156.209
-144.235
-123.678
-127.981
-136.926
-150.373
-136.110
-109.135
-71.444
-51.161
-70.892
-101.761
-132.047
-152.513
-167.885
-173.204
-168.220
-182.643
-181.622
-176.295
-144.552
-118.722
-83.219
-74.627
-70.003
-71.967
-55.560
-18.921
19.281
36.918
13.548
-10.941
-21.212
-5.230
30.216
58.787
69.195
48.828
21.033
12.100
-15.192
-31.106
-49.215
-62.348
-28.263
18.281
81.591
133.896
130.650
101.069
66.579
83.683
151.110
208.312
243.100
228.404
210.870
168.429
161.959
154.826
133.317
118.155
93.473
81.981
76.697
63.308
53.970
31.782
-1.120
-1.590
16.565
42.263
63.913
71.190
40.802
-11.586
-51.932
-60.680
-60.785
-54.124
-34.992
-4.408
15.979
25.441
9.899
-30.619
-66.497
-82.641
-80.076
-75.400
-84.398
-99.490
-147.146
-205.332
-244.227
-253.790
-241.562
-212.392
-213.123
-221.419
-231.822
-220.861
-195.087
-173.442
-146.532
-134.760
-97.993
-77.123
-52.601
-36.078
-36.519
-25.534
-11.202
7.034
31.203
46.978
61.917
77.968
86.078
102.624
112.307
111.304
94.750
90.721
87.181
82.581
108.290
136.912
152.723
145.381
133.065
152.965
179.255
211.959
237.558
231.379
185.921
131.062
64.626
20.048
-10.821
-17.371
-17.007
8.479
24.665
36.045
56.798
73.887
81.244
94.151
101.896
95.778
98.663
80.026
52.351
20.131
17.137
13.078
16.886
22.657
26.995
31.130
30.919
25.002
39.951
27.874
33.962
32.773
41.304
59.000
61.675
51.807
20.388
-21.230
-59.738
-108.835
-137.209
-162.167
-177.554
-207.470
-220.286
-197.023
-180.281
-151.505
-122.883
-100.637
-71.582
-38.457
-1.838
28.881
55.409
66.361
73.097
68.592
67.759
76.334
90.565
88.250
73.937
62.867
50.015
63.186
69.161
83.639
82.689
78.471
79.497
71.419
55.049
34.875
11.320
-10.184
-26.569
-21.151
-20.279
-20.305
-39.539
-34.631
-16.545
2.345
32.836
42.820
45.448
22.506
-0.550
-43.707
-68.609
-82.857
-90.424
-69.452
-55.976
-22.375
-17.055
-5.174
-7.504
-22.788
-51.584
-77.936
-100.658
-121.818
-125.236
-115.417
-111.140
-86.462
-59.651
-37.309
-26.922
-26.402
-40.562
-55.408
-76.428
-81.819
-90.994
-82.119
-71.308
-67.548
-48.913
-31.790
-22.008
-6.981
1.207
8.331
18.386
35.465
60.811
82.444
108.636
117.747
113.170
91.610
57.735
14.788
-5.220
-11.661
-14.016
-9.596
-6.726
4.965
2.253
1.897
-5.546
9.475
9.842
11.204
16.675
2.246
-7.717
-13.014
-3.125
-6.254
-3.439
-8.312
-6.389
12.437
27.809
53.624
68.577
74.356
69.039
61.286
53.031
65.946
72.811
