0.008
0.080
0.524
1.900
4.119
5.922
4.278
1.293
0.036
2.506
6.473
7.396
3.269
4.840
1.568
-1.069
-15.157
-32.303
-25.149
6.211
5.544
-30.273
-51.344
-57.914
-10.502
41.251
72.909
54.413
18.841
-8.512
-6.342
-3.862
-17.767
-20.989
-1.456
-16.563
-40.578
-83.491
-75.788
-22.490
30.678
52.841
57.223
9.310
1.119
31.871
81.600
91.201
48.789
-31.532
-80.231
-49.191
-0.454
14.399
23.780
25.773
25.738
-5.042
-45.369
-27.257
37.371
90.730
70.853
-9.850
-65.000
-58.298
-17.057
-4.889
-34.940
-37.970
-16.472
6.628
28.769
13.860
-9.729
9.457
52.898
64.621
21.711
-31.986
-37.278
-15.891
36.684
40.060
29.825
1.378
11.269
56.812
54.849
17.010
-39.021
-1.368
28.502
5.925
-96.986
-143.561
-116.738
-69.681
-55.985
-7.934
8.894
17.284
38.158
21.710
24.228
55.979
122.286
110.177
32.648
-31.166
-43.757
-41.932
-44.263
20.449
101.290
101.802
48.160
8.882
34.125
68.746
76.575
89.476
15.179
-47.989
-89.836
-106.603
-44.030
-13.431
10.692
-8.496
-51.698
-53.635
-99.403
-125.625
-70.309
17.266
90.118
119.966
64.548
5.498
-51.645
-13.349
6.519
16.441
-17.168
-50.476
-52.412
-41.575
21.028
53.740
160.050
142.296
34.478
-47.049
-9.430
35.669
60.143
47.362
-57.652
-66.358
-104.061
-140.853
-107.862
-112.303
-174.194
-244.088
-91.179
47.288
80.914
-100.644
-197.802
-150.043
-59.343
37.365
69.395
125.161
118.564
206.139
221.771
130.609
-32.564
-110.648
-109.136
-61.558
20.382
-35.354
-3.785
19.846
109.211
174.485
68.957
-81.610
-191.230
-180.688
-97.818
-28.749
21.499
-0.844
25.401
-89.396
-119.101
-62.349
-34.142
-14.320
-86.358
-152.699
-150.998
27.872
371.148
428.155
274.356
24.785
-37.532
50.368
210.960
194.274
135.477
110.626
130.704
41.435
-74.575
-149.254
-192.704
-170.987
-130.325
-72.499
53.017
78.531
6.600
-40.061
-30.032
-4.221
29.833
-11.529
-50.044
-187.028
-279.914
-189.020
22.761
273.784
282.396
141.338
-6.775
-21.677
-0.456
81.053
157.513
229.009
277.542
218.093
147.088
139.519
80.166
99.719
131.595
99.687
-39.453
-176.048
-305.781
-305.472
-246.581
-10.660
112.997
84.559
14.314
-103.619
-186.813
-276.516
-272.434
-279.392
-279.692
-245.124
-50.950
161.628
168.856
-35.061
-163.463
-101.509
103.508
248.320
238.472
146.747
159.400
159.627
124.176
138.030
95.404
14.114
20.687
121.529
118.249
-3.214
-71.971
20.863
62.662
-57.652
-225.881
-290.579
-276.604
-206.244
-116.807
-44.934
-60.053
-132.197
-214.623
-269.855
-197.889
-180.341
-139.236
-62.912
47.094
185.366
270.836
347.982
264.046
158.153
87.582
37.659
39.972
33.908
38.924
48.658
75.537
97.519
129.606
76.428
-133.744
-277.953
-327.872
-299.006
-305.431
-336.971
-324.256
-209.683
-55.232
178.530
398.904
524.380
523.806
441.147
270.338
46.926
-127.349
-198.470
-146.023
65.348
254.453
400.830
404.277
329.682
174.139
67.641
11.231
28.833
5.978
-120.812
-272.329
-410.324
-432.146
-360.645
-247.609
-201.534
-174.990
-174.792
-158.513
-132.870
-113.911
-163.842
-239.309
-246.475
-154.241
-46.508
86.666
208.776
331.473
490.159
597.014
593.031
503.897
384.589
342.253
443.080
509.132
411.209
273.876
173.243
137.309
98.116
-11.936
-148.984
-255.129
-246.742
-240.256
-274.568
-324.884
-408.581
-440.318
-376.137
-254.703
-211.805
-218.797
-252.212
-280.466
-284.950
-377.701
-448.987
-393.790
-229.483
-4.417
207.611
357.133
427.790
304.687
76.350
-105.368
-79.879
118.687
382.997
489.261
269.122
-108.415
-385.662
-440.194
-340.486
-172.618
-122.877
-207.877
-363.025
-504.888
-598.698
-590.469
-577.750
-595.967
-581.586
-442.786
-225.983
-15.555
124.275
239.970
358.249
494.482
616.201
718.069
840.567
968.495
1076.866
1139.414
1123.240
1024.870
883.616
749.013
615.466
433.671
178.239
-86.748
-385.975
-651.139
-816.303
-877.906
-822.068
-664.406
-515.200
-504.884
-574.743
-674.445
-666.047
-539.432
-263.505
-14.981
207.453
413.926
589.485
697.982
695.563
678.115
603.186
507.105
451.282
473.714
579.040
742.243
816.850
770.201
530.961
241.067
111.448
19.172
-106.726
-376.527
-715.988
-1132.088
-1310.579
-1346.914
-1274.996
-1315.884
-1382.875
-1397.255
-1312.230
-1173.395
-966.880
-488.204
70.539
535.460
803.074
950.979
1051.607
1130.025
1213.313
1275.357
1350.121
1285.121
1143.862
1057.923
1003.780
969.905
935.112
848.890
829.108
772.694
702.002
596.961
365.299
1.047
-337.025
-630.384
-855.036
-1015.302
-1106.123
-986.492
-681.708
-319.673
-38.075
49.283
137.251
317.510
442.586
438.649
227.818
-24.196
-277.872
-507.758
-623.396
-600.742
-519.786
-518.486
-641.797
-883.980
-1118.850
-1177.781
-1033.140
-771.821
-556.864
-443.535
-507.552
-744.796
-959.387
-1021.085
-912.903
-767.123
-627.642
-606.913
-669.857
-765.370
-801.250
-798.603
-723.792
-708.328
-705.603
-643.538
-493.606
-210.581
105.703
296.553
368.156
329.814
271.551
230.126
290.658
429.450
588.107
672.275
729.597
746.174
783.101
879.908
1038.111
1149.725
1065.901
905.006
563.302
215.890
56.445
73.242
187.005
446.950
478.727
372.676
250.606
279.049
406.785
592.660
759.995
819.161
811.038
745.672
737.772
817.745
963.105
1093.281
1048.716
805.401
542.818
392.678
394.545
274.753
-19.899
-432.706
-861.608
-1199.761
-1405.063
-1544.708
-1635.804
-1697.484
-1653.852
-1455.823
-1171.339
-794.289
-313.884
151.909
418.436
518.857
497.878
440.078
444.457
521.609
660.798
816.783
939.202
956.987
913.094
816.447
766.246
754.231
801.775
860.087
872.527
805.329
581.985
228.292
-132.581
-406.199
-587.573
-673.969
-740.104
-771.518
-761.604
-689.797
-572.545
-459.522
-364.729
-295.032
-308.393
-389.917
-482.317
-552.551
-582.271
-470.531
-235.304
35.296
154.652
150.789
155.687
74.795
319.254
527.106
716.513
878.575
903.015
726.283
354.605
-3.328
-198.061
-224.903
-187.054
-247.733
-375.885
-575.482
-711.849
-792.386
-837.055
-828.710
-801.312
-839.631
-911.880
-971.798
-995.480
-948.829
-823.611
-704.102
-574.123
-402.717
-191.636
73.853
177.462
299.506
395.133
464.756
472.130
489.101
484.656
500.913
546.364
625.301
624.520
512.074
339.955
125.916
-84.770
-271.633
-388.070
-431.178
-363.878
-228.868
-67.617
66.695
115.915
94.482
69.571
162.922
280.778
348.498
371.794
335.499
263.246
193.676
174.168
73.517
-78.156
-213.222
-280.720
-287.627
-193.814
-57.193
43.993
56.294
-64.115
-182.231
-242.263
-198.176
-87.757
39.701
145.819
249.770
358.682
470.181
616.232
794.575
903.326
877.556
695.870
471.675
331.035
295.525
355.225
442.913
496.874
449.625
323.567
163.958
22.402
-26.971
16.916
88.055
150.584
176.170
137.311
79.149
23.220
-33.166
-72.276
-124.821
-231.561
-365.549
-480.637
-491.214
-439.473
-341.273
-267.301
-232.851
-226.494
-259.625
-259.182
-219.605
-207.332
-194.929
-210.044
-202.588
-113.411
-10.068
62.435
109.265
90.515
-14.984
-159.145
-281.311
-342.023
-345.259
-254.264
-162.492
-90.601
-36.745
55.471
117.038
167.312
212.057
308.154
327.624
246.333
65.210
-145.109
-253.312
-311.181
-287.846
-193.181
-166.251
-245.958
-356.938
-432.652
-447.860
-395.911
-334.933
-316.519
-351.467
-404.257
-475.899
-507.915
-402.401
-153.294
91.248
242.771
300.395
251.650
193.515
199.600
264.264
374.855
431.253
409.496
283.106
92.545
-58.758
-115.983
-98.178
5.943
166.789
276.247
305.216
282.038
166.486
29.663
-56.608
-52.041
44.858
215.974
377.859
495.162
521.205
519.341
525.756
544.337
582.494
592.850
470.744
240.550
-15.923
-202.877
-257.883
-240.008
-167.370
-108.068
-79.015
-103.913
-133.256
-217.238
-292.642
-351.869
-420.220
-460.970
-405.507
-229.356
19.524
262.828
410.719
463.868
452.170
407.736
362.310
338.801
317.528
193.668
-2.124
-187.758
-292.162
-315.330
-323.188
-306.926
-275.518
-261.949
-261.196
-234.066
-188.872
-171.071
-160.264
-135.928
-99.641
-42.294
27.682
79.507
86.565
79.407
92.072
124.498
198.324
300.981
392.847
447.222
435.506
362.702
250.558
124.269
-23.380
-154.940
-237.312
-262.563
-224.814
-156.574
-83.173
-3.342
32.524
13.326
-28.628
-89.821
-172.782
-238.662
-283.833
-299.160
-291.384
-315.439
-345.642
-316.540
-211.008
-93.884
-25.313
45.753
116.656
224.085
345.286
403.896
401.174
349.573
282.769
233.683
253.835
326.058
321.981
272.801
179.542
102.695
64.058
67.495
94.101
126.886
103.763
-12.151
-203.695
-370.736
-488.189
-549.405
-546.040
-525.374
-516.781
-492.728
-415.236
-308.520
-182.538
-103.409
-44.790
14.384
18.900
-11.239
-62.510
-142.777
-248.096
-367.806
-433.362
-424.444
-331.583
-166.736
20.928
216.423
370.771
426.246
392.542
295.197
194.870
125.295
73.195
44.102
35.632
36.912
46.491
75.509
120.887
148.688
145.939
141.436
153.527
186.737
179.109
129.456
89.703
38.130
12.092
40.994
84.810
90.022
43.499
-41.544
-107.487
-160.037
-154.665
-149.233
-161.221
-200.766
-237.336
-192.887
-97.428
-0.464
46.193
43.444
-0.673
-57.682
-99.775
-99.221
-108.971
-134.454
-160.052
-171.329
-150.384
-108.129
-59.337
-25.619
12.576
44.310
45.387
62.903
98.022
160.632
245.393
332.885
399.336
396.812
290.443
98.216
-95.261
-224.607
-252.412
-181.494
-11.430
161.207
236.395
251.493
242.988
234.585
234.190
221.570
164.785
74.125
14.582
-31.338
-40.526
-55.084
-84.611
-99.860
-85.970
-85.040
-113.921
-188.341
-280.358
-342.806
-357.620
-321.052
-286.053
-251.038
-225.855
-210.134
-192.984
-156.644
-117.595
-98.029
-87.058
-21.375
74.615
169.773
218.234
183.735
105.468
56.525
62.855
112.613
184.129
195.351
168.058
83.873
-16.691
-90.570
-129.214
-113.474
-60.824
-0.777
35.154
59.352
85.262
110.056
123.287
99.492
38.150
-49.274
-133.294
-175.037
-204.601
-231.732
-242.758
-245.026
-208.083
-167.419
-128.600
-102.541
-72.042
-54.053
-44.362
-37.792
-24.732
-33.838
-39.650
-45.056
-43.341
-39.371
-39.638
-55.102
-89.771
-107.944
-119.856
-157.283
-189.914
-215.581
-205.285
-160.354
-85.373
-10.102
70.118
111.977
111.661
111.557
156.227
193.432
210.460
204.600
208.053
200.984
215.130
214.108
211.438
208.218
210.996
238.471
270.116
279.505
241.045
192.425
142.624
124.338
118.989
111.202
92.202
44.838
-19.209
-52.135
-54.006
-44.019
-25.227
-14.473
-1.821
-4.374
0.040
28.450
74.402
140.329
173.707
198.616
229.862
279.842
338.050
350.087
333.965
272.872
182.069
76.728
-17.580
-69.164
-75.967
-70.909
-59.203
-64.749
-113.542
-161.762
-190.278
-189.772
-173.167
-139.488
-133.587
-152.139
-176.875
-193.972
-185.300
-157.793
-119.767
-82.420
-57.410
-35.145
-7.779
17.302
47.567
67.913
73.939
75.071
55.566
54.593
47.745
41.086
33.957
20.213
34.775
83.651
149.266
203.131
250.409
257.764
235.827
176.466
127.969
111.701
75.016
53.195
14.440
-22.597
-73.849
-98.657
-102.147
-63.553
-18.681
6.984
26.608
19.523
14.109
-10.420
-55.151
-80.126
-96.592
-111.175
-120.603
-104.353
-84.405
-97.456
-133.140
-165.931
-142.776
-26.485
90.064
126.847
126.845
66.584
29.581
31.859
103.716
189.833
245.203
242.038
165.945
76.074
0.845
-32.828
-43.485
-48.022
-50.744
-74.744
-109.152
-115.607
-95.451
-91.936
-87.737
-105.304
-95.753
-44.918
11.434
33.245
13.449
-34.994
-91.006
-110.038
-67.146
-5.737
32.911
46.274
-5.199
-39.726
-71.839
-94.070
-88.488
-80.773
-58.718
-70.291
-98.146
-133.188
-167.883
-209.435
-218.329
-206.339
-164.021
-112.938
-59.928
-31.201
8.529
45.849
108.258
150.536
184.160
197.806
182.453
166.262
137.998
112.376
77.684
41.847
4.962
-16.795
-21.368
-23.661
-36.886
-84.227
-116.492
-128.481
-109.341
-99.887
-77.387
-58.823
-49.885
-58.458
-58.288
-49.525
-29.117
-0.850
7.791
24.599
34.300
21.998
14.424
-4.761
-27.151
-25.012
-26.680
-15.995
-4.126
-16.061
-25.193
-37.683
-14.739
24.111
52.537
67.462
55.925
23.261
-3.463
-24.819
-35.726
-33.860
-20.767
-24.065
-21.222
-14.734
-16.114
-40.451
-67.016
-82.026
-67.217
-40.528
-4.887
27.593
42.770
31.213
17.493
10.914
49.736
71.413
82.163
76.811
67.964
44.563
30.936
42.305
68.424
82.107
83.388
100.218
114.826
122.876
129.045
127.756
116.058
92.718
81.275
68.350
62.647
37.622
16.322
-15.061
-44.473
-60.362
-67.150
-50.834
11.145
59.471
105.772
117.329
116.196
119.896
109.773
101.473
92.553
94.254
96.122
79.886
63.780
48.394
33.857
13.263
-23.513
-51.887
-68.330
-88.056
-86.514
-91.600
-104.557
-154.198
-209.832
-267.400
-287.436
-282.836
-234.869
-184.682
-163.907
-177.365
-197.394
-207.150
-184.942
-145.306
-118.920
-100.009
-93.900
-81.196
-58.413
-44.430
-29.559
-23.210
-34.488
-9.885
19.377
59.839
57.731
29.395
-13.361
-39.870
-45.481
-35.242
-20.331
1.036
10.694
0.890
-15.501
-44.644
-80.002
-100.906
-94.535
-90.606
-67.666
-60.178
-54.623
-19.675
22.925
57.734
85.893
101.304
107.177
98.296
88.226
67.838
48.659
0.105
-32.929
-33.501
-0.899
41.144
71.429
93.660
96.596
92.074
99.931
109.527
128.577
140.305
138.837
121.411
115.750
109.108
137.625
169.647
199.511
226.116
239.555
246.654
250.683
238.978
220.278
184.113
137.321
96.108
43.244
6.180
-18.326
-34.293
-47.831
-69.881
-94.691
-116.445
-135.308
-131.281
-121.894
-122.897
-126.642
-139.794
-148.964
-167.285
-161.869
-188.193
-185.098
-161.709
-122.777
-93.986
-76.954
-64.991
-66.406
-70.989
-65.574
-43.257
-20.535
7.581
15.119
13.307
27.987
46.615
84.133
107.175
117.912
101.675
84.666
64.812
59.108
56.485
43.732
27.544
17.850
8.404
2.183
-20.241
-26.786
-30.755
-39.786
-41.210
-46.424
-39.811
-47.897
-31.374
-7.124
19.231
26.890
31.261
15.491
-8.633
-38.229
-62.750
-77.769
-95.704
-85.270
-81.788
-63.377
-32.232
14.951
21.870
4.546
-21.781
-56.570
-73.880
-76.488
-61.854
-35.474
-28.860
-36.402
-57.482
-65.170
-55.234
-31.878
-4.344
-7.395
11.295
22.245
48.913
69.614
85.462
83.437
86.467
109.931
126.807
134.289
124.162
124.058
120.250
127.639
127.096
126.653
121.399
114.613
107.818
101.499
96.909
80.564
78.899
60.925
42.637
21.464
-4.965
-22.852
-48.678
-51.273
-64.630
-49.651
-37.457
-27.727
-17.970
-21.787
-11.702
-9.209
-8.971
-15.189
-31.387
-54.463
-62.652
-48.781
-24.021
2.981
21.160
1.599
-19.710
-37.516
-51.789
-56.944
-54.371
-37.831
-1.333
12.026
3.507
-13.645
-31.573
-48.205
-58.898
-54.806
-33.701
-20.461
13.002
43.268
66.823
89.145
98.788
98.399
96.275
94.291
82.594
54.179
35.935
18.614
8.088
11.755
6.531
17.762
13.711
-7.519
-22.621
-52.662
-89.257
-126.292
-132.012
-128.008
-124.717
-100.001
-84.969
-75.599
-65.220
-64.465
-66.758
-66.316
-58.631
-57.034
-32.391
-22.221
-9.188
7.567
28.322
47.218
72.509
97.423
96.952
90.042
