-7.383
-7.315
-7.247
-7.177
-7.263
-7.401
-7.108
-6.817
-6.199
-6.954
-7.623
-7.280
-6.886
-6.560
-6.474
-8.070
-6.302
-4.482
-3.331
-6.851
-8.224
-5.941
-0.704
-4.482
-7.848
-6.576
-4.379
-4.207
0.652
-7.108
-10.989
-9.495
-10.646
-4.911
-2.197
-4.035
-8.757
-11.161
-12.156
-4.808
-13.582
-17.307
-5.272
0.601
-17.582
-26.546
-21.842
-31.697
-2.369
0.308
23.902
7.590
-54.070
-21.481
18.459
23.044
1.940
-38.445
14.818
21.549
-2.765
-4.533
-18.837
-19.403
-16.416
18.390
-5.495
-87.571
3.606
-20.158
-51.204
4.018
-52.921
-47.013
30.324
-7.520
-4.944
-16.501
-70.950
-39.614
52.336
14.269
-16.827
-22.562
-18.699
41.502
6.507
-25.173
-6.628
48.060
31.251
-13.015
13.668
-30.599
-67.309
-6.697
3.571
15.540
76.375
83.329
-25.155
-108.759
16.244
-1.975
21.498
28.160
-90.404
-31.457
76.839
-6.697
27.782
66.004
-17.206
-19.403
-71.723
-106.269
-68.923
47.048
69.456
61.918
-1.752
-48.507
-39.303
-5.065
10.166
60.166
-16.347
-76.531
-13.290
-119.319
-49.881
52.062
-49.383
-42.017
63.274
66.983
-84.172
-78.814
22.201
51.461
35.561
150.484
108.398
-85.235
-126.412
-100.843
-152.837
-80.066
52.457
8.310
-3.932
3.914
42.000
29.809
-143.204
-171.586
-110.373
1.717
109.721
33.104
-41.760
-126.273
-94.646
77.680
183.247
172.119
95.538
6.646
-17.600
-82.935
118.872
208.074
79.380
70.829
67.721
83.879
50.293
-34.152
107.059
154.501
-9.908
34.410
4.379
62.433
48.232
11.368
6.576
46.515
3.108
-86.901
-76.821
102.012
81.286
108.587
28.263
41.862
-38.154
0.464
83.210
122.839
-48.576
-41.846
-94.388
-2.747
187.504
223.684
100.792
23.198
-137.194
-180.429
-114.993
-131.374
-101.772
0.601
-30.084
-241.695
-269.100
-229.709
-237.951
-96.328
-140.646
-209.018
-165.526
-71.980
-15.075
151.052
194.355
139.186
-17.292
-105.411
-34.548
197.342
276.070
165.818
140.577
361.272
480.677
475.750
275.092
150.741
71.138
279.403
527.467
619.931
685.884
536.310
381.568
284.415
241.403
472.126
510.125
358.318
301.364
58.415
-51.169
117.413
153.284
261.510
153.112
-159.637
-494.070
-695.878
-270.404
365.410
626.577
734.341
846.138
903.541
1026.877
1142.815
1138.179
1140.548
1129.164
950.846
889.976
957.990
1098.393
1086.770
444.343
-588.458
-872.565
-601.834
-470.700
-1144.772
-1798.701
-1876.709
-1584.256
-797.923
-543.522
-467.627
-123.508
105.221
-52.577
-211.114
-412.218
-604.907
-598.365
-576.456
-535.229
-134.207
316.971
308.901
80.205
12.843
-65.198
-118.410
-179.914
-67.413
-72.082
-368.105
-435.982
-499.032
-464.794
-336.013
-507.961
-667.873
-780.563
-768.355
-674.208
-573.038
-489.846
-454.201
-409.797
-511.980
-605.697
-547.094
-352.944
-187.315
-3.297
-116.589
-304.849
-361.855
-384.573
-417.438
-584.251
-709.047
-670.911
-617.237
-620.378
-584.956
-527.605
-443.555
-310.515
-272.878
-252.445
-249.713
-128.505
9.376
-61.335
-164.203
-104.380
123.321
268.893
313.159
252.359
296.950
343.809
394.806
455.557
520.359
617.477
692.169
699.793
647.629
646.099
561.157
389.982
193.532
157.885
142.534
72.340
-6.800
-51.719
-79.690
98.903
313.744
304.093
214.685
45.280
-36.574
11.883
116.281
457.342
578.173
469.207
338.314
246.880
77.372
35.664
136.816
125.518
-16.605
-73.301
-115.971
-173.682
-25.430
91.967
-23.335
-48.439
-72.546
-176.412
-129.141
-58.673
-12.209
-114.049
-233.247
-247.018
-202.940
-174.404
-196.845
-347.003
-437.389
-368.862
-164.650
-90.336
47.975
77.904
-52.989
-83.346
-168.394
-208.367
-181.941
-196.862
-76.685
270.318
450.045
395.957
190.716
38.652
-69.576
-120.418
-6.439
88.995
10.353
-262.043
-382.117
-384.607
-185.444
25.653
8.464
-147.547
-18.183
122.066
245.284
238.330
120.933
-182.404
-498.673
-393.124
-81.321
273.323
575.237
578.017
406.466
315.375
506.365
655.939
731.438
653.088
452.999
173.785
136.628
314.156
389.896
385.518
164.942
-19.110
37.998
221.416
315.906
195.024
23.438
-58.964
6.404
82.695
-25.584
-103.934
-121.311
-56.870
91.777
105.120
-137.469
-330.587
-463.506
-527.793
-533.186
-460.468
-119.319
346.866
395.974
266.250
28.453
-249.594
-460.072
-314.688
-162.417
-101.857
-105.651
-227.340
-239.274
-230.277
-279.385
-269.803
-100.603
213.020
557.773
590.673
399.580
179.331
-19.009
-51.409
40.455
-19.746
-202.650
-295.834
-180.070
-37.982
181.631
331.961
332.769
346.162
406.689
434.831
342.950
115.180
69.592
78.384
102.269
123.561
-54.449
-288.948
-328.476
-198.958
-58.020
-36.849
24.074
126.341
136.901
78.814
-122.702
-271.194
-151.567
131.649
317.522
234.913
-44.798
-203.971
-162.263
34.564
178.661
152.579
70.365
15.557
-115.180
-311.666
-439.570
-598.056
-622.335
-663.151
-651.303
-606.831
-484.952
-300.796
-140.749
-23.713
12.345
-37.965
-185.340
-292.435
-366.612
-471.697
-532.121
-550.372
-535.451
-456.398
-413.317
-409.900
-290.940
-153.660
-84.687
-24.794
18.665
73.577
206.084
378.357
432.651
393.020
312.851
283.900
199.988
218.497
243.978
323.411
299.922
267.812
121.260
19.231
-46.583
-36.624
-99.075
-128.316
-92.121
-18.991
187.350
288.862
237.935
28.796
-210.650
-416.407
-487.957
-472.556
-318.929
-101.651
89.596
164.531
250.642
262.076
228.181
194.562
159.859
253.783
428.015
581.590
657.227
630.423
583.083
560.263
593.643
571.820
440.361
232.062
124.076
208.470
414.380
503.325
521.217
414.037
216.849
13.772
-70.503
-168.308
-302.376
-293.448
-161.026
-111.610
-37.741
-16.158
-56.492
-39.389
25.516
-26.821
16.191
112.572
194.080
182.318
90.215
41.897
64.974
20.999
-47.855
-118.031
-156.203
-117.809
-154.708
-248.066
-331.652
-310.687
-262.901
-118.685
-37.415
107.009
269.202
263.571
211.818
164.392
62.123
8.860
-80.857
-378.339
-456.776
-360.997
-336.185
-325.436
-286.133
-289.223
-308.078
-244.786
-98.577
60.080
217.604
385.379
541.461
619.090
498.294
197.052
68.855
200.486
429.851
504.768
218.205
-211.629
-427.379
-611.038
-576.971
-552.743
-532.944
-472.607
-148.234
181.134
268.121
205.001
150.880
112.537
433.371
698.677
483.820
148.921
26.049
-27.577
105.908
246.675
391.252
404.593
576.078
575.082
418.690
260.308
93.530
-38.857
-31.354
111.799
51.770
-62.466
-48.507
-21.549
74.503
146.174
161.011
82.985
137.760
121.604
19.746
38.513
99.298
158.228
224.146
205.877
153.284
82.076
45.520
-120.693
-173.818
-64.940
76.375
129.346
65.799
93.288
62.896
29.842
68.443
41.210
107.867
54.139
69.456
-26.117
-59.891
-105.822
-282.870
-289.104
-338.263
-427.998
-461.652
-500.938
-521.972
-451.178
-317.178
-225.245
-168.170
-22.734
65.867
67.120
47.785
-10.611
-103.625
-60.098
26.168
153.489
108.640
41.742
100.345
114.185
135.323
161.233
137.091
116.297
141.608
196.811
196.193
244.958
208.968
104.827
21.428
-7.916
72.564
10.578
-147.822
-271.487
-314.275
-222.841
-68.905
33.740
45.262
11.984
-64.322
-96.482
-127.904
-141.264
-181.924
-215.442
-167.329
-46.927
-13.307
-98.560
-162.160
-233.024
-167.809
-75.602
-15.676
-37.089
-37.364
-158.554
-237.436
-322.860
-343.294
-330.261
-229.555
-180.138
-246.228
-330.175
-389.758
-364.655
-277.375
-151.978
0.515
107.317
96.156
13.171
-139.444
-255.346
-258.814
-154.759
24.451
166.831
186.852
98.749
33.380
-0.979
89.184
124.935
146.209
123.046
39.629
-55.942
-251.791
-377.996
-478.068
-434.212
-320.800
-195.368
-70.607
-42.394
-68.014
-77.904
-159.670
-200.021
-167.260
-62.416
103.608
243.258
267.777
292.228
298.874
295.526
295.440
267.537
271.487
203.937
62.948
-146.810
-409.830
-534.868
-551.832
-527.621
-508.031
-428.753
-375.352
-260.000
-221.467
-289.190
-387.750
-467.799
-498.603
-390.909
-292.950
-273.994
-323.360
-416.441
-475.440
-455.127
-425.284
-362.181
-318.224
-222.447
-135.083
-51.118
76.359
213.930
305.038
337.594
323.102
261.613
155.875
137.744
196.330
225.401
252.821
195.711
122.238
163.637
152.168
122.942
149.951
208.503
305.674
327.274
381.963
400.542
464.433
495.444
479.613
447.967
447.280
479.424
512.649
523.621
553.447
543.607
498.724
442.901
398.687
405.865
413.951
351.278
302.909
218.962
224.285
262.489
253.147
264.909
272.860
242.486
242.897
204.983
242.829
236.252
337.044
398.807
422.778
399.820
367.350
335.362
275.418
199.918
120.917
87.313
53.487
12.500
-7.590
24.675
44.626
86.523
94.336
11.883
-142.671
-273.014
-345.182
-379.438
-408.251
-462.287
-513.440
-544.019
-450.989
-334.263
-242.228
-237.231
-214.119
-163.362
-144.269
-92.310
-140.181
-185.255
-243.172
-226.293
-160.529
-118.718
-90.164
-96.242
-100.037
-87.949
-101.926
-84.137
-131.836
-180.825
-192.072
-134.464
-81.286
-52.628
-75.294
-131.477
-183.623
-203.953
-206.529
-178.267
-113.463
-59.067
-109.893
-177.924
-218.119
-251.791
-204.829
-198.614
-229.469
-220.798
-246.536
-181.717
-60.888
-20.072
-24.708
-58.345
-67.910
-23.077
60.047
159.653
231.204
248.168
241.299
280.655
294.099
295.766
285.223
234.431
149.729
73.645
20.176
-5.426
-2.215
12.861
-1.081
16.948
33.036
118.392
128.369
96.191
53.899
-18.613
-30.306
-108.226
-87.553
-128.917
-148.390
-137.005
-144.886
-177.699
-217.432
-227.290
-222.240
-205.774
-222.669
-270.886
-352.275
-393.330
-395.939
-379.902
-364.964
-381.842
-348.308
-296.384
-210.462
-155.241
-83.278
-31.216
19.145
58.158
93.083
105.153
87.159
44.765
84.755
43.836
53.795
-6.250
-15.282
-10.560
34.548
69.748
126.341
159.551
209.432
268.275
271.280
282.991
263.159
235.067
202.683
185.083
161.354
133.091
95.057
37.690
11.040
-2.197
-0.687
-7.469
-4.687
24.468
65.627
78.127
48.525
58.020
33.705
11.282
13.067
-58.741
-128.831
-166.864
-171.742
-133.194
-95.795
-86.763
-103.539
-107.282
-106.648
-95.022
-76.238
-77.904
-104.312
-127.028
-170.642
-192.312
-165.561
-117.155
-66.794
-19.454
-7.949
-22.219
-7.366
9.736
62.158
153.643
221.571
265.957
281.651
245.163
201.481
156.150
181.889
222.189
227.118
229.779
189.651
193.635
189.461
194.665
158.503
108.570
62.982
31.988
-9.376
-31.028
-99.641
-169.801
-193.411
-156.665
-81.046
-45.417
3.227
-8.929
14.509
59.737
64.699
65.455
29.225
16.552
39.424
45.227
17.120
27.902
26.494
9.136
39.114
52.492
112.862
185.530
232.767
248.769
244.854
235.411
219.356
178.901
106.390
96.482
39.715
-34.462
-92.258
-136.267
-148.630
-98.749
-19.711
52.422
116.228
160.014
176.207
190.302
206.667
227.924
233.075
244.425
228.320
242.587
249.799
252.495
282.029
266.353
204.933
167.208
117.705
130.995
122.496
99.454
91.194
97.994
90.919
85.854
78.316
64.494
52.406
31.165
39.321
93.202
127.561
165.973
152.425
101.444
49.727
-10.989
-39.528
-64.665
-83.467
-82.952
-107.969
-137.452
-118.993
-123.955
-144.663
-126.995
-31.715
15.815
91.795
88.103
72.443
57.143
48.472
37.569
23.678
53.315
60.304
29.826
2.472
4.980
43.374
77.028
103.934
138.499
156.958
142.878
155.859
140.679
139.891
133.828
136.336
155.549
122.548
54.706
-4.379
-49.108
-73.165
-47.495
-1.339
-15.797
29.294
22.769
-5.770
5.649
-68.786
-67.824
-3.313
23.867
32.488
56.080
-8.740
-25.241
-26.203
-40.901
-87.159
-141.007
-206.410
-281.531
-308.437
-342.212
-371.660
-371.059
-360.105
-361.307
-312.782
-290.443
-309.777
-319.358
-281.875
-193.875
-132.283
-88.962
-38.531
-58.587
-70.933
-140.181
-155.996
-163.672
-163.329
-169.132
-195.282
-212.316
-202.339
-204.435
-228.577
-257.132
-292.228
-332.253
-377.670
-381.773
-392.472
-393.518
-375.438
-338.074
-330.829
-314.843
-272.328
-216.523
-174.935
-132.025
-87.588
-0.550
73.541
113.327
169.818
163.619
169.887
169.114
112.915
61.678
37.930
39.629
84.257
107.266
140.250
147.686
162.092
175.897
200.829
255.535
247.996
237.764
186.697
120.041
80.909
71.516
61.214
32.675
-10.302
-23.936
5.340
36.008
24.347
16.741
-3.606
-15.042
11.383
56.166
37.844
58.620
19.815
-12.585
35.818
19.832
49.760
50.533
9.290
21.309
34.634
24.537
-33.723
-75.844
-145.454
-190.474
-199.988
-201.738
-222.927
-225.143
-197.635
-181.391
-152.597
-153.695
-181.941
-186.080
-156.614
-119.715
-62.794
-10.080
36.059
51.169
48.129
44.644
28.039
35.733
53.762
10.663
51.118
106.408
79.139
97.409
73.937
55.376
57.557
43.407
21.979
11.504
-13.994
-39.785
-37.397
-32.298
-36.882
-26.150
59.668
77.475
99.539
91.641
95.795
120.778
118.255
77.389
9.272
-1.202
-29.327
-27.319
7.830
84.497
114.632
75.809
78.109
47.545
82.780
59.204
27.405
-25.241
-37.192
-54.088
-61.214
-72.254
-104.535
-110.648
-135.288
-140.542
-128.987
-126.016
-137.159
-139.580
-95.795
-43.356
-12.913
-1.374
3.126
5.340
52.886
90.765
135.803
174.558
172.788
136.146
64.991
25.173
-23.918
-92.585
-92.859
-77.543
-9.822
35.783
23.456
65.764
129.073
209.414
267.520
353.613
376.246
375.918
339.208
260.841
175.055
93.959
39.028
12.620
-1.219
-42.909
-120.058
-152.098
-150.484
-138.103
-106.819
-83.055
-76.685
-46.755
-43.116
-28.400
-27.508
-26.135
-58.724
-57.385
-56.113
-79.826
-55.942
-75.844
-96.808
-121.276
-78.950
-58.896
6.285
57.368
92.396
116.607
136.113
170.197
197.309
216.917
218.412
170.763
128.351
59.462
35.561
-5.924
-21.928
-19.368
-31.731
5.288
-9.565
-31.801
-34.513
-45.674
-51.477
-78.882
-125.140
-158.537
-243.653
-275.933
-295.731
-302.583
-246.400
-204.933
-154.759
-159.344
-124.076
-80.462
-72.890
-57.264
-39.614
-24.554
-19.797
-55.290
-73.440
-86.060
-51.015
-52.371
-60.287
-33.705
-0.995
50.962
102.320
145.522
183.401
217.073
237.986
240.511
228.199
186.371
188.088
163.688
146.123
175.073
148.681
160.289
171.965
171.914
169.097
208.710
224.886
241.713
249.233
263.450
253.748
223.941
189.358
156.819
144.062
148.390
158.812
185.290
202.546
216.058
236.648
255.483
279.299
334.142
347.604
324.441
290.890
256.856
228.320
199.455
177.305
145.934
132.523
80.084
90.936
84.858
26.375
38.084
5.941
32.607
54.724
48.661
34.599
53.469
43.750
10.217
-18.991
-48.611
-55.926
-92.000
-104.948
-82.127
-54.810
-28.109
-35.028
4.515
10.525
1.065
-15.059
-73.422
-131.579
-173.459
-215.098
-214.513
-189.857
-203.748
-214.874
-192.878
-205.225
-168.084
-114.099
-79.535
-36.796
5.889
20.296
12.946
-4.224
-25.807
-32.864
-67.670
-39.528
-40.917
-44.866
-62.123
-94.765
-122.392
-115.645
-88.601
-56.027
-45.399
-49.487
-66.244
-98.989
-134.876
-166.230
-187.641
-198.082
-204.092
-212.041
-244.304
-250.228
-259.071
-234.037
-234.603
-186.628
-164.702
-108.211
-121.157
-118.392
-113.395
-90.353
-84.154
-91.331
-119.061
-141.212
-165.475
-179.091
-177.030
-163.602
-140.868
-124.539
-98.577
-74.882
-33.448
-49.778
-51.204
-46.808
-38.170
-39.132
-53.093
-41.604
-59.772
-69.335
-97.015
-112.090
-72.581
-95.401
-49.555
-32.728
-33.260
3.743
-4.894
8.088
16.466
19.643
14.974
24.948
46.773
74.041
58.380
51.323
50.636
58.620
60.218
51.032
58.861
39.750
17.377
-1.666
0.326
8.105
26.494
43.134
58.570
80.119
81.493
74.006
31.061
35.629
19.764
-15.797
40.591
62.004
78.435
117.294
102.527
134.326
158.675
177.116
160.324
192.570
188.552
169.922
138.790
119.200
105.532
70.607
41.106
26.941
21.085
