9.393
9.376
9.341
9.272
9.272
9.393
9.341
9.444
9.770
9.873
10.010
9.598
10.166
9.684
10.337
9.633
7.967
8.482
10.302
11.058
6.593
6.662
9.169
11.573
9.083
6.267
10.509
8.620
6.318
15.575
9.994
3.555
9.530
14.029
3.142
8.860
5.186
8.860
20.913
14.406
12.260
14.166
25.739
25.893
6.868
-3.778
3.538
17.017
13.891
-1.563
21.979
44.043
-6.457
-44.540
4.464
54.482
5.889
-44.851
3.040
35.543
42.068
31.405
19.953
-2.730
25.670
69.180
76.821
-52.679
-20.999
56.903
16.741
-7.813
-28.554
7.848
12.620
-30.289
-1.838
15.900
-9.924
-39.028
-72.117
28.486
57.711
27.680
-3.056
29.860
56.835
16.845
-28.864
-19.815
65.557
60.921
73.147
55.873
10.749
165.629
181.409
80.702
86.111
91.623
-2.525
-24.332
-7.263
-38.101
10.628
26.993
-87.278
27.284
63.274
9.701
-16.691
7.727
35.422
-20.537
61.643
71.996
31.731
-37.397
49.417
-23.370
-9.341
-55.737
-14.234
54.878
144.131
99.383
55.616
74.950
116.142
86.369
-29.054
88.326
124.367
-35.733
-118.410
-100.019
-88.755
-9.376
14.818
-31.938
-100.655
40.455
170.351
-8.363
-108.468
-23.867
61.678
74.968
59.050
-73.422
-196.862
-69.009
115.198
21.327
-6.817
-22.872
-61.969
-33.791
76.341
209.930
90.747
-68.014
-120.092
-167.139
-98.010
27.198
-29.912
-195.969
-208.316
-225.572
-84.187
45.038
64.923
11.969
78.281
160.152
113.241
8.259
-100.070
-73.440
47.151
124.076
-6.868
-149.746
-71.052
134.550
21.756
-69.920
-63.153
-49.366
-30.872
12.552
33.208
-28.898
-68.872
-17.721
-39.063
13.547
203.266
114.357
-100.449
-143.479
-142.466
-206.014
-4.601
-24.726
-173.081
-223.426
-167.106
-118.650
-130.462
-176.893
-143.701
42.618
63.738
-23.489
-81.836
-75.397
-167.707
-219.253
-221.537
-267.709
-321.042
-408.216
-417.471
-350.833
-222.773
-159.894
-77.011
-98.027
-168.581
-97.976
-72.031
-97.290
-75.791
-159.344
-296.367
-342.659
-223.323
-165.286
-300.573
-453.256
-497.315
-519.947
-341.680
-222.482
-326.107
-519.518
-658.343
-465.498
-163.791
59.204
143.135
-321.178
-639.746
-592.630
-411.633
-193.686
-152.304
-506.450
-651.028
-525.202
-345.647
-405.315
-559.336
-642.683
-748.386
-667.598
-467.009
-291.079
-43.631
278.269
241.695
251.036
435.793
327.567
78.864
53.881
58.603
-426.470
-709.545
-696.805
-399.752
-35.011
-77.457
-294.255
-538.921
-498.759
-274.285
-61.145
45.881
168.771
321.744
407.496
445.065
582.567
751.426
488.987
124.076
29.001
334.521
810.029
1019.992
803.951
680.321
619.555
773.816
974.353
915.765
295.680
-178.250
-186.577
-120.950
257.955
700.600
713.650
677.728
712.482
883.416
1083.970
1259.902
1300.253
1285.108
1233.699
1233.166
1234.317
1168.897
977.804
725.771
584.938
407.272
149.694
-164.427
-368.673
-595.377
-434.127
165.783
119.011
-285.910
-530.128
-327.051
114.049
466.322
662.361
512.667
345.887
345.697
482.119
569.020
552.589
579.512
540.466
440.292
472.246
610.883
611.844
545.274
434.712
393.861
351.553
368.226
371.592
190.698
-29.087
-65.198
-52.474
-37.157
-9.924
120.624
313.795
295.422
61.231
-232.800
-425.611
-366.234
-228.078
-264.944
-251.448
-168.737
-123.372
-236.577
-507.584
-591.840
-495.444
-480.488
-434.265
-298.445
-200.074
-142.328
-180.103
-270.232
-333.524
-336.700
-316.782
-351.760
-410.845
-474.735
-511.773
-476.505
-427.397
-370.322
-381.155
-301.192
-317.779
-198.357
-88.412
3.126
-22.133
-50.603
1.785
77.337
204.554
119.061
-102.320
-200.090
-187.383
17.171
162.624
180.687
230.843
369.221
423.567
444.035
242.021
-77.046
-309.795
-381.311
-339.637
-284.673
-227.305
-292.056
-402.447
-480.025
-552.675
-472.417
-183.830
-127.682
-311.563
-444.361
-442.901
-213.364
16.519
138.103
223.098
265.838
242.142
88.207
-172.531
-409.779
-552.708
-646.152
-695.414
-523.621
-310.497
-184.929
-153.592
-190.509
-332.339
-368.191
-228.593
-55.307
19.764
209.362
455.488
464.296
197.584
25.481
27.130
88.343
173.270
227.855
135.254
36.900
41.245
90.661
1.510
-70.057
-12.929
93.426
274.371
403.787
368.845
234.158
141.916
76.220
7.247
-79.998
-133.038
-146.054
-224.936
-222.739
-68.734
171.432
275.727
147.461
-38.652
-303.286
-344.823
-193.446
-129.089
-134.790
-39.493
-30.478
-245.301
-410.913
-488.421
-475.422
-436.187
-306.497
-177.906
-248.357
-281.463
-61.865
90.232
113.430
76.273
-4.550
-151.567
-10.113
192.466
216.076
215.973
129.725
-54.517
-71.481
62.896
120.074
10.320
-40.866
-88.738
-156.374
-34.581
-3.452
-141.469
-240.269
-234.019
70.915
397.795
408.491
158.503
-80.016
-114.322
-98.782
50.189
-4.843
-257.853
-357.615
-152.683
244.271
548.140
606.538
347.930
255.740
346.402
546.630
624.928
488.936
219.545
64.254
66.433
155.618
322.517
473.225
515.242
529.906
562.341
706.593
802.542
838.944
771.566
583.598
407.083
406.739
484.523
590.279
523.879
165.475
-10.749
69.061
307.235
413.969
335.481
210.152
84.051
174.987
295.611
293.293
273.547
269.615
286.493
370.407
395.734
431.432
484.351
503.875
449.719
321.951
258.574
244.460
236.080
250.332
257.182
120.796
-32.230
-90.644
-109.514
-17.153
58.517
182.131
378.203
346.076
244.923
1.270
-168.753
-259.604
-327.531
-297.672
-326.519
-412.647
-475.922
-453.221
-352.051
-295.336
-258.351
-237.093
-199.094
-205.258
-223.151
-288.948
-382.084
-483.768
-534.044
-639.163
-679.996
-620.532
-633.925
-622.474
-551.473
-365.325
-212.008
-109.206
-142.654
-269.237
-368.244
-335.551
-169.510
-19.009
141.487
126.634
-35.990
-248.203
-374.236
-416.870
-453.204
-462.683
-465.447
-430.607
-408.542
-263.210
-111.781
-75.672
-87.588
-238.398
-245.319
-137.623
-18.322
-24.794
-161.680
-304.815
-469.001
-510.400
-561.877
-593.026
-573.931
-515.894
-496.526
-301.243
0.773
61.145
-28.675
-219.578
-393.621
-423.516
-321.830
-286.253
-301.586
-351.038
-429.303
-465.516
-433.750
-357.959
-198.271
-91.846
-16.519
64.855
83.020
-43.270
-200.966
-296.298
-333.592
-352.550
-397.674
-373.549
-398.669
-348.240
-306.240
-259.157
-255.655
-202.236
-279.625
-443.262
-465.241
-485.227
-449.049
-296.177
-257.096
-173.081
29.670
153.850
155.069
-117.258
-315.391
-107.935
77.389
197.327
251.173
181.202
41.776
36.985
75.930
21.120
-84.377
-179.571
-283.042
-287.885
-82.814
12.964
-28.710
-65.403
-116.228
-43.477
-74.349
-203.026
-334.074
-346.763
-328.837
-279.110
71.241
260.720
255.071
133.606
47.426
185.512
411.428
572.969
539.572
421.559
392.144
370.355
303.871
216.025
142.620
52.628
34.513
139.820
185.959
78.950
-73.920
-113.138
-167.192
-189.358
-59.565
7.934
101.772
247.551
296.384
250.023
244.614
276.843
360.722
407.358
395.768
412.337
376.846
329.592
228.421
242.125
316.267
404.285
449.494
468.263
474.238
474.306
414.776
311.614
235.703
190.080
191.385
231.410
210.376
86.215
-25.945
-97.237
-179.863
-154.519
-34.033
53.366
77.046
183.143
340.445
380.091
393.260
346.899
285.842
365.342
441.047
466.683
403.375
325.024
221.467
121.930
47.889
58.158
173.459
203.885
132.197
47.134
48.490
92.550
166.349
142.654
70.521
-47.426
-36.745
41.020
-5.220
-135.871
-264.497
-339.912
-305.330
-187.126
-26.564
174.644
260.376
262.987
222.893
150.552
86.111
94.456
46.053
-16.519
-26.665
-107.282
-179.022
-33.448
65.385
113.309
149.024
191.128
288.640
287.988
247.567
205.311
208.968
176.154
123.079
126.874
190.012
245.420
295.182
359.348
386.856
421.524
385.998
249.713
147.651
82.523
43.063
-51.924
-75.001
-76.306
-43.957
-33.604
53.848
122.634
167.483
218.068
202.958
145.401
84.892
20.021
-89.134
-227.820
-356.858
-437.131
-421.678
-282.698
-138.447
-77.852
-128.162
-223.134
-281.978
-257.922
-229.075
-226.517
-317.350
-412.183
-470.185
-447.504
-403.305
-375.645
-322.380
-232.045
-139.666
-61.249
1.614
1.717
-7.487
15.007
37.038
40.987
-2.404
-55.169
-99.951
-117.344
-118.993
-49.245
6.096
0.207
34.581
1.409
-17.050
-13.633
-16.673
3.022
-37.982
-142.156
-229.848
-281.221
-323.360
-354.919
-332.700
-256.410
-181.323
-93.323
7.520
72.460
92.086
101.787
94.078
87.863
98.267
101.873
21.567
-37.586
-134.636
-230.878
-288.039
-333.405
-357.083
-337.354
-331.910
-343.122
-340.530
-319.135
-293.053
-216.419
-126.445
-32.675
4.550
-17.188
-61.077
-74.521
-13.428
78.006
188.741
217.175
210.599
185.375
238.072
273.719
267.331
192.810
71.534
-7.778
-23.799
46.979
143.994
219.699
228.113
192.535
182.851
205.190
276.156
327.857
346.677
319.083
278.888
266.765
290.718
294.907
230.654
140.646
99.161
210.478
327.137
391.167
381.155
347.055
350.265
416.132
514.538
572.952
566.856
509.404
409.127
306.548
241.746
174.369
86.558
30.410
41.450
57.333
41.245
-30.238
-156.855
-253.801
-271.022
-233.315
-101.977
-30.804
-8.277
-3.692
6.576
57.229
78.917
111.781
170.265
252.392
375.387
467.352
506.501
469.533
418.657
382.718
345.697
301.639
249.130
203.524
183.967
187.143
205.670
225.692
227.358
258.093
226.911
204.554
206.632
200.365
184.585
146.896
127.149
105.600
72.357
28.332
-39.218
-119.200
-179.313
-194.322
-198.923
-212.574
-224.868
-199.489
-138.070
-49.502
-7.984
10.492
25.910
11.504
40.076
23.731
-7.108
-50.704
-77.852
-86.351
-100.019
-104.981
-144.183
-217.003
-274.027
-303.715
-309.571
-297.826
-276.929
-290.494
-310.841
-320.113
-324.320
-330.845
-348.601
-374.064
-392.763
-392.025
-408.371
-377.292
-403.805
-442.369
-494.482
-559.473
-597.902
-626.595
-618.833
-575.820
-527.793
-470.581
-437.939
-381.155
-311.426
-249.834
-175.932
-136.146
-102.062
-89.528
-121.758
-207.612
-283.524
-330.880
-333.370
-328.665
-247.481
-201.137
-142.878
-118.495
-146.673
-195.539
-252.375
-251.723
-228.336
-204.761
-203.680
-208.488
-213.879
-216.884
-212.213
-196.622
-196.004
-188.484
-183.984
-169.526
-144.285
-132.008
-144.337
-145.779
-163.414
-93.631
-57.178
-26.135
-13.514
-13.342
-6.371
-10.767
0.275
-8.156
-27.061
-48.628
-26.064
11.865
51.598
85.871
154.400
217.621
235.531
225.502
171.450
111.816
76.324
38.960
-15.660
-89.906
-92.962
-108.365
-98.062
-85.303
-105.582
-140.714
-162.142
-136.404
-77.869
-32.195
-25.223
-47.083
-110.014
-144.613
-141.555
-129.518
-115.748
-85.184
-44.540
-6.611
54.638
111.524
137.984
136.868
89.545
107.557
113.463
114.150
119.887
134.997
184.207
237.951
302.222
341.852
358.507
376.314
386.839
394.669
407.547
415.789
414.605
393.760
364.671
332.236
307.305
273.118
230.739
212.008
223.442
195.489
221.366
206.907
171.415
134.172
87.485
40.334
-30.976
-67.138
-85.030
-70.537
-30.170
36.109
119.731
164.101
189.221
192.691
168.410
123.680
91.949
43.253
-27.594
-106.613
-183.091
-237.969
-312.113
-307.477
-302.841
-289.104
-293.276
-288.605
-248.683
-210.513
-159.928
-130.343
-128.523
-139.237
-139.444
-146.981
-167.912
-199.387
-253.371
-308.008
-336.564
-348.909
-340.546
-322.981
-279.042
-231.186
-146.638
-111.575
-58.587
-47.426
-22.802
-0.876
28.332
78.591
38.841
32.659
77.508
135.666
194.029
243.945
255.895
240.888
233.057
234.878
243.052
230.070
205.516
186.131
135.116
82.488
84.343
72.597
-17.222
-53.161
-41.038
-9.495
1.563
33.397
109.584
120.195
136.129
131.579
70.607
11.454
-19.335
-51.495
-84.154
-64.339
5.444
87.588
152.064
193.479
244.837
266.060
257.973
274.696
266.025
222.275
211.149
171.415
83.364
32.041
48.714
81.922
153.180
248.667
296.092
351.914
442.987
515.586
549.069
526.558
485.777
438.575
357.803
287.317
200.125
107.678
21.789
-16.913
-9.169
-36.624
-77.457
-49.315
-45.485
-42.343
-13.651
-8.464
-19.797
-40.712
-87.520
-176.944
-251.258
-302.841
-350.437
-357.373
-329.970
-290.134
-231.479
-148.390
-67.807
-79.397
-73.198
-50.722
-50.103
-48.628
-35.594
-18.012
58.673
67.155
55.479
16.105
-2.181
24.160
25.653
-2.111
-52.302
-95.057
-154.314
-187.075
-195.299
-180.413
-131.305
-68.168
-20.004
-30.049
-46.207
-27.680
-6.937
8.121
16.845
-3.245
6.868
68.786
65.471
71.791
103.815
112.417
99.522
56.886
33.190
24.794
25.052
25.635
20.794
22.236
20.330
30.289
48.679
63.738
71.087
66.365
57.161
56.527
63.377
103.282
126.462
86.952
95.863
70.693
66.176
96.775
135.495
163.740
181.169
220.936
248.615
267.056
276.724
270.045
246.794
219.922
188.689
129.828
76.101
48.215
26.392
-1.752
10.800
53.040
114.460
176.464
208.675
238.913
229.537
247.738
222.086
208.899
228.903
217.742
212.538
208.230
209.895
186.010
137.143
86.025
50.876
41.089
10.166
-6.267
-12.689
-3.485
0.207
-8.310
11.744
38.445
67.344
61.764
77.698
38.119
9.822
3.262
-15.214
-37.725
-57.643
-81.768
-91.881
-87.777
-99.196
-129.296
-162.624
-165.319
-175.020
-187.298
-203.834
-215.528
-228.353
-228.628
-203.867
-196.741
-187.608
-176.652
-201.463
-188.105
-187.436
-195.832
-215.321
-229.709
-211.750
-201.584
-180.103
-142.037
-109.618
-77.766
-46.240
-18.441
-13.530
-40.215
-68.975
-94.576
-143.461
-181.083
-208.950
-239.754
-263.606
-276.174
-286.837
-308.249
-259.089
-220.884
-190.903
-174.815
-162.899
-142.895
-137.606
-110.287
-79.895
-51.426
-29.483
-4.103
17.703
30.993
40.316
52.457
69.233
100.295
116.281
125.655
109.052
76.874
53.366
8.929
-35.286
-11.058
0.293
23.044
36.281
30.341
7.487
-31.731
-57.522
-73.044
-71.036
-64.133
-62.587
-80.051
-106.734
-107.764
-99.555
-79.397
-68.185
-72.650
-74.400
-65.918
-58.620
-58.295
-78.864
-127.235
-118.185
-123.286
-120.814
-95.692
-60.373
-41.141
-42.566
-50.224
-54.792
-63.481
-96.396
-137.709
-166.023
-150.123
-127.596
-81.836
-35.149
27.026
82.419
126.256
152.287
175.760
196.175
182.216
112.228
101.171
70.107
53.487
68.254
92.843
109.413
88.361
76.203
74.899
81.990
105.050
116.761
111.988
106.458
104.123
95.504
63.635
1.957
-83.227
-149.608
-169.869
-163.225
-149.299
-127.184
-138.464
-87.416
-69.799
-72.220
-81.372
-97.719
-106.681
-119.543
-153.610
-176.841
-202.203
-238.312
-258.179
-266.146
-255.793
-228.062
-223.083
-206.872
-193.188
-194.029
-169.698
-121.071
-77.801
-55.926
-50.775
-40.745
18.338
36.642
59.067
88.979
126.154
176.995
228.164
255.586
257.836
255.483
231.805
201.877
181.459
146.724
109.052
88.515
73.799
69.645
64.218
53.504
35.922
38.806
62.552
78.248
55.496
96.310
110.991
128.917
143.272
160.872
179.537
180.378
173.356
166.402
181.684
186.921
191.282
177.305
149.368
135.598
123.852
110.082
88.876
63.721
44.970
26.665
42.068
63.618
64.476
46.790
70.021
51.684
25.756
10.886
-1.116
-7.263
-28.142
-48.919
-71.018
-87.707
-94.525
-98.474
-108.004
-145.128
-179.366
-204.125
-207.937
-201.120
-217.432
-235.135
-257.768
-262.419
-255.278
-235.496
-235.994
-200.004
-183.641
-156.099
-127.629
-94.661
-51.391
-17.961
-10.131
8.105
43.202
68.837
96.739
117.155
114.168
113.138
117.654
110.716
103.161
85.904
62.982
44.730
31.165
22.494
6.593
-27.233
0.550
-0.894
6.336
2.078
-15.385
-30.718
-70.812
-102.853
-103.590
-100.827
-95.401
-90.851
-68.460
-36.642
-19.180
-10.113
-12.312
-27.336
-28.023
-21.824
4.911
28.486
59.514
67.824
31.079
73.284
96.739
99.368
93.992
81.543
84.187
79.122
88.636
102.166
109.943
99.951
96.310
103.024
122.771
131.510
125.655
