-43.867
17.218
25.274
37.824
51.063
55.524
58.769
56.979
49.291
38.568
28.616
24.080
20.937
20.164
21.862
22.026
15.959
2.910
-2.190
2.357
2.105
9.377
15.844
13.677
12.895
20.037
17.021
25.400
37.608
16.797
-9.259
10.776
58.284
42.377
14.616
3.011
56.746
82.084
82.477
81.267
76.893
65.602
14.893
4.383
49.784
83.451
31.451
-17.250
35.071
68.680
63.536
-18.786
-81.519
-15.434
-34.301
-64.172
-47.441
77.860
92.460
-42.965
-125.992
-20.782
86.679
46.598
-7.864
64.836
126.971
18.055
-159.153
-31.019
139.400
-13.799
85.993
67.138
-51.576
-42.225
33.017
28.720
15.263
60.936
-6.194
-211.938
-371.820
-263.607
-111.308
-130.732
-20.203
51.761
-44.760
-71.456
32.217
-0.981
165.923
304.361
78.882
-67.591
-106.150
-178.526
4.422
-71.854
-144.669
22.473
-217.969
-284.495
-29.650
144.915
187.482
341.127
104.852
-137.471
-67.448
-9.252
57.305
-52.349
59.030
105.227
129.913
203.978
-57.322
-177.256
-60.923
-127.494
-146.820
-306.232
-179.231
-61.832
-405.119
-418.229
-75.645
365.330
352.118
353.102
-82.183
-221.942
-307.460
-195.022
-55.416
51.951
183.304
233.720
50.612
58.663
-80.701
-48.719
137.421
34.444
-340.806
-257.651
-31.104
176.225
136.511
-298.928
-258.731
-252.165
-159.409
22.200
-134.326
-284.775
-412.942
-432.382
-526.715
-408.166
-332.523
-292.875
-6.231
25.225
194.388
-74.624
48.601
17.604
107.803
333.483
408.595
388.020
-163.783
-740.495
-776.896
-764.984
-328.453
188.173
303.758
126.178
193.930
552.381
1068.914
1207.475
750.873
-221.156
-890.722
-1301.265
-1586.373
-1861.055
-1210.165
-1089.185
-1257.728
-915.287
902.169
2211.499
2497.201
1288.132
268.222
116.437
744.359
1164.261
494.746
-215.961
-923.332
-1403.859
-1302.733
-1160.535
-1016.490
-267.165
391.443
374.260
-789.947
-1558.505
-1364.937
-514.227
556.059
1043.976
1010.467
909.109
1503.544
2238.440
2107.912
1320.319
297.200
-109.219
270.997
554.921
408.787
264.386
633.780
1872.090
2624.891
2403.759
1904.043
624.172
-483.172
-997.547
-1020.794
-946.176
-1363.312
-1993.840
-2616.817
-2304.596
-2152.195
-2075.338
-1936.058
-1076.584
-400.183
-148.344
-348.438
-175.096
748.063
2215.694
2818.409
1901.329
690.339
16.075
306.366
707.468
971.399
870.752
1296.169
1593.918
852.202
-270.315
-1272.931
-1822.979
-1241.549
-547.857
-298.126
-415.224
-156.188
226.686
828.226
1075.366
907.863
656.836
1209.036
1262.045
1293.732
677.323
-591.155
-763.293
-564.799
-938.229
-953.953
-457.188
731.310
2097.482
2390.228
1600.686
109.911
-1990.364
-2723.759
-2608.411
-1800.423
-1440.013
-918.493
-135.045
-92.769
-748.402
-657.712
-97.849
732.904
978.683
497.614
-404.167
-1382.030
-942.862
-195.494
1295.186
2191.272
2682.238
1612.354
471.376
-130.466
121.022
845.109
1243.145
275.554
-806.698
-1350.294
-520.770
533.831
195.616
-76.907
-241.713
-942.643
-698.138
137.763
603.129
745.495
7.594
-2050.609
-2989.441
-2313.582
-1515.197
-811.975
-98.274
406.821
314.424
356.855
838.243
1766.287
2260.748
1803.425
904.483
-298.710
87.796
923.158
1667.887
1649.507
1643.595
1217.578
-26.761
-1019.941
-1565.476
-1651.959
-1227.034
-614.941
89.677
93.017
-515.828
-532.250
-1091.170
-1841.068
-2270.894
-2049.825
-490.191
1105.471
2761.800
3340.478
3078.425
2288.424
1069.467
-567.453
-2576.895
-3298.209
-1837.342
-41.018
1793.300
2501.829
2058.116
1103.941
246.651
-249.144
307.187
642.766
386.947
11.854
-1304.952
-2273.971
-1408.626
326.489
1568.466
2154.418
2300.410
1242.704
-547.589
-2822.025
-3812.573
-4461.387
-4520.993
-3436.675
-1904.799
-473.499
281.401
372.923
148.881
419.598
1306.002
2244.994
2614.494
2581.084
2902.214
3414.288
3447.340
2360.222
709.917
-471.373
-1111.664
-1044.793
-645.717
-798.676
-1622.681
-2757.404
-3528.133
-3559.330
-2623.055
-1723.477
-1681.708
-2528.786
-2958.256
-2725.441
-2038.234
-991.875
195.227
1257.936
1877.550
2028.738
1973.870
1796.692
1992.505
2012.611
1751.241
1291.884
1208.326
2128.689
2324.235
2034.351
985.607
-214.399
-661.790
-41.982
577.738
-173.091
-1565.059
-2750.884
-3490.776
-3052.908
-1872.075
-801.676
-203.642
-39.780
-288.610
-497.361
-393.865
117.964
851.582
1123.801
490.090
-402.633
-328.899
54.661
969.644
1603.264
2035.648
2254.052
2455.621
2455.688
2242.332
1287.595
418.099
49.067
394.716
599.986
382.402
-295.288
-985.165
-1534.924
-1648.440
-1645.693
-1454.455
-1387.223
-1254.789
-1077.421
-1026.465
-519.174
93.620
-21.938
-736.269
-1063.778
-570.244
-308.987
-204.836
-109.041
-20.470
268.259
747.565
664.492
138.614
-584.381
-645.248
-17.144
264.107
-332.444
-1190.395
-1723.608
-1328.282
-583.537
281.250
949.329
1196.454
913.287
579.845
786.015
1001.527
891.860
977.898
1313.762
1566.475
1692.074
1728.505
1936.486
1819.512
1366.519
945.099
403.628
-113.347
-324.683
-212.325
14.789
109.360
-240.045
-594.271
-932.137
-1172.451
-969.854
-343.811
327.451
551.678
231.531
110.091
227.218
301.056
382.025
563.895
589.166
609.573
212.496
-409.301
-1005.091
-1456.585
-1763.960
-2083.610
-1804.098
-1044.960
-415.032
55.075
106.374
-48.872
-179.743
-109.943
247.091
424.860
202.356
-54.821
-6.079
-53.563
-601.661
-1232.175
-1273.338
-650.232
262.534
566.312
281.414
-413.430
-697.988
-476.586
340.898
880.325
1152.210
1022.892
508.937
179.951
-152.177
-566.492
-701.181
-778.449
-623.749
-284.748
-46.749
-12.830
190.917
744.073
1244.394
1356.231
962.001
495.458
172.267
206.304
227.315
160.839
-100.393
-314.758
-567.311
-713.093
-465.110
-152.219
95.191
262.416
389.604
413.633
274.453
153.551
278.264
559.882
671.706
645.393
537.000
522.209
551.297
318.132
-0.551
-375.951
-264.548
-230.859
-128.823
-203.101
-399.231
-440.591
-455.199
-271.739
-3.766
327.543
392.521
184.687
-30.006
-109.002
-441.363
-730.170
-784.560
-583.034
-320.019
-177.931
-152.515
-606.490
-1045.302
-1121.943
-970.472
-371.189
396.726
843.196
984.786
663.842
80.037
-239.460
87.924
594.935
766.170
285.374
-471.466
-645.010
-325.749
176.125
691.750
1041.863
923.339
425.226
204.193
244.121
210.132
35.289
-359.797
-891.476
-984.079
-635.478
-145.342
29.187
-134.846
-195.468
-279.943
-235.123
-186.938
-300.565
-405.774
-102.444
298.954
578.737
577.914
551.128
484.485
292.341
-147.843
-601.746
-935.715
-1184.460
-1392.494
-1352.734
-1242.010
-1097.984
-622.672
-106.499
99.144
293.601
420.778
477.546
567.783
663.527
746.295
839.858
955.095
1016.270
905.592
635.740
560.229
653.519
656.553
555.825
76.604
-249.750
-224.872
-72.402
7.140
-78.788
-286.734
-357.665
-36.658
347.763
698.376
844.000
708.100
357.896
-207.400
-643.261
-850.574
-914.832
-736.808
-376.635
36.336
291.334
111.233
-83.964
-64.688
103.254
276.543
293.680
202.927
125.470
22.206
1.667
-47.699
-54.647
233.435
476.505
373.279
74.509
-195.908
-301.493
-215.804
-175.503
-184.838
-76.658
-37.421
10.993
-33.251
-132.108
-235.091
-250.567
-247.426
-169.845
-172.776
-232.993
-383.919
-560.084
-546.881
-385.501
-97.141
321.972
593.508
683.916
648.701
439.462
-3.736
-274.515
-341.639
-173.319
79.960
214.090
236.842
241.389
164.225
-7.790
-106.103
-80.111
-20.056
-8.907
-135.549
-238.958
-126.901
182.800
474.135
387.233
155.228
-123.400
-281.606
-338.916
-417.126
-359.036
-156.898
-32.286
58.616
36.679
-203.506
-339.263
-238.299
-108.331
-181.179
-287.712
-204.859
30.903
125.664
43.897
128.118
322.820
578.131
647.454
557.542
443.417
418.081
290.183
56.491
-54.694
-30.750
120.538
352.063
420.567
129.075
-159.322
-391.078
-507.430
-434.454
-133.828
117.206
181.479
52.249
-136.044
-322.289
-330.585
-258.524
-372.174
-608.692
-739.125
-688.528
-306.491
-6.800
72.339
74.828
255.778
456.503
686.083
741.168
596.704
197.684
-185.072
-338.558
-233.551
-10.744
152.328
204.660
239.426
390.666
517.294
529.499
402.848
373.294
427.666
465.348
315.600
24.225
-203.434
-237.985
-170.451
-121.847
-234.413
-434.073
-606.182
-650.419
-618.341
-584.800
-499.635
-337.896
-137.441
20.735
93.061
77.132
72.846
52.925
145.289
82.845
-51.689
-138.107
-91.964
31.380
112.793
85.215
-6.109
-49.323
-1.254
133.304
265.909
339.277
236.615
84.947
-14.199
-38.103
-35.302
-1.503
73.782
137.432
129.131
26.289
-45.310
-0.125
37.842
62.232
5.311
-75.802
-129.142
-138.517
-103.626
-106.323
-141.119
-145.493
-176.132
-193.884
-231.677
-240.297
-146.915
59.394
237.934
359.050
397.295
375.104
358.641
419.281
471.581
424.203
314.217
176.986
31.461
-111.199
-269.278
-474.162
-504.078
-313.481
-62.965
57.988
74.819
77.692
99.185
107.516
76.829
40.030
53.734
90.760
72.709
57.830
70.526
-19.042
-170.655
-240.860
-260.651
-209.151
-195.174
-87.561
65.060
131.095
12.150
-88.439
-43.143
67.880
38.052
-53.177
-162.030
-268.864
-313.326
-323.145
-343.660
-333.515
-254.423
-190.037
-184.815
-201.410
