131.983
-8.385
-2.716
2.975
3.902
0.074
-0.981
-1.899
-3.779
-7.702
-12.240
-9.145
-7.228
-6.074
-3.969
-5.986
-3.395
3.849
4.862
12.647
17.671
19.917
3.645
-8.245
-9.763
-13.716
-15.474
-9.545
-19.915
-8.963
-10.359
-17.442
-41.531
-31.065
-31.188
-20.162
-22.574
-20.220
-47.212
-21.515
-12.795
-17.698
33.281
-1.182
-31.326
-1.075
36.822
35.416
22.391
68.705
15.488
-63.760
14.097
-26.101
1.785
-20.921
-92.349
-65.722
-32.585
-62.544
-19.223
56.160
6.125
-51.870
-51.363
-143.902
-45.475
131.877
-18.714
49.858
-98.117
109.740
-84.427
-28.236
64.727
154.208
-67.940
-48.696
-185.541
-122.692
2.655
-93.838
-1.358
-58.508
-180.714
-99.990
54.141
-88.997
76.685
113.798
-74.828
27.551
106.446
101.658
-66.474
98.226
-103.159
-24.889
-118.233
-260.172
-63.109
-400.394
-156.394
-259.948
-271.365
-398.446
-67.027
-250.090
-16.269
29.696
98.646
187.613
63.164
65.179
-16.792
-232.693
207.045
16.565
86.177
250.347
-362.897
98.661
-257.614
-355.597
-147.945
-425.189
-180.920
-261.474
-41.013
74.789
449.823
235.553
202.548
-87.531
102.745
6.046
136.220
194.515
88.611
-8.414
-71.868
-138.380
-325.075
-249.367
13.898
-139.840
226.387
48.981
-167.366
75.466
-47.256
-27.325
52.998
136.666
84.144
31.283
-79.137
-273.946
-78.230
-331.927
-42.479
34.849
-595.076
-335.449
-630.832
-319.129
-215.249
53.131
121.082
416.034
435.474
470.295
517.990
535.303
688.851
396.957
266.540
155.182
-65.058
-199.465
-56.389
30.218
298.433
690.396
1608.783
2293.224
2483.649
1905.525
1419.277
915.951
820.293
779.555
446.884
302.284
140.865
-128.329
-1016.917
-1341.988
-2021.838
-3220.494
-3011.315
-2609.374
-2068.578
-1580.570
-388.492
-258.079
-481.474
632.455
1279.637
2173.104
2557.812
2071.008
1141.018
296.018
164.880
336.749
201.639
554.419
318.844
107.419
-331.830
-208.987
-450.767
-842.798
-368.409
276.150
658.959
1342.486
1489.910
695.727
658.075
-97.988
-65.174
-323.271
-39.426
915.503
994.278
107.394
-357.625
-923.332
-1158.668
124.810
24.878
-399.747
-1203.219
-1208.916
-814.913
-750.776
-1150.311
-1642.836
-1183.807
-1215.513
-708.824
256.419
1221.098
2313.179
2122.610
2002.315
1616.645
1258.908
674.090
463.826
-1226.930
-1650.890
-2381.503
-2508.322
-1594.609
-190.565
532.444
963.752
654.449
627.395
621.575
189.744
358.893
449.139
326.808
-472.916
-882.668
-140.346
-245.282
260.281
463.694
733.470
1299.771
1363.684
803.489
500.611
-50.461
-623.423
-211.661
16.225
1.753
544.536
18.686
-592.930
-1430.482
-1680.791
-2018.660
-2688.709
-2151.871
-767.699
1201.011
2498.142
1809.620
972.030
-3.226
-210.433
-281.636
377.574
406.519
877.260
760.517
1172.791
404.335
-252.981
-905.360
-1515.148
-798.838
-175.376
-379.370
-849.593
-1591.898
-2245.358
-1788.592
-439.034
121.168
340.401
480.241
518.289
253.535
418.544
328.756
-44.070
-110.082
-27.769
-56.345
735.358
510.977
-57.980
279.340
939.830
1299.528
1098.310
814.503
898.208
-4.145
-473.860
-1746.425
-2318.368
-2232.451
-1476.358
-539.274
-520.844
-293.673
-31.928
-51.264
361.437
263.684
540.148
581.036
524.448
819.735
922.057
883.753
806.986
823.242
1687.561
2051.129
2083.327
2604.433
2658.207
2748.011
2324.917
1960.598
757.504
-1015.305
-2259.001
-2947.408
-2933.163
-2222.085
-1825.810
-2260.854
-2916.739
-3247.363
-2452.922
-849.544
-598.568
-1124.672
-1724.719
-1943.184
-614.114
1050.163
2898.430
3460.611
3006.035
2335.106
1738.615
905.702
666.205
-48.748
-945.688
-1326.591
-845.744
-527.807
-466.726
-366.040
354.054
943.644
867.750
160.372
59.972
-176.079
14.199
-450.286
-1323.587
-1939.965
-2300.479
-2570.503
-2360.463
-1747.755
-695.904
421.469
895.616
897.323
577.992
-158.942
-709.018
184.153
1209.527
1910.609
1411.131
311.090
-1078.673
-875.253
-171.996
957.508
1336.294
1266.654
686.642
175.614
243.198
585.114
884.194
1236.188
597.261
-329.708
-1827.403
-2314.435
-1803.738
-982.245
-350.367
304.065
528.183
966.597
2067.326
2559.976
1355.477
207.713
-203.279
-413.192
-3.587
738.633
509.458
94.146
-380.945
-538.760
-310.869
-44.767
-204.449
-794.911
-1151.260
-1499.321
-1384.387
-202.985
913.715
1109.453
701.277
-9.432
-278.070
-336.474
-183.823
-586.409
-1149.273
-1227.644
-195.575
280.480
626.252
423.882
222.500
-128.465
-74.180
-246.588
-672.748
-848.474
-346.336
78.082
575.108
1140.888
1800.913
1327.419
764.820
-28.771
-313.404
46.203
158.079
-297.573
-360.679
-758.561
-963.431
-1041.726
-1203.285
-487.983
-108.932
-64.189
210.912
-243.468
-547.025
-340.855
-43.162
520.629
1127.076
979.659
231.968
-615.797
-1104.259
-1363.043
-1328.673
-443.266
108.495
595.044
1021.599
879.187
478.229
-32.104
3.335
471.723
618.721
532.828
482.401
413.502
620.449
837.531
899.400
971.760
903.436
589.444
709.543
1119.721
1265.722
1126.534
762.720
561.062
152.563
136.172
453.180
683.768
677.560
174.460
-240.616
-264.949
-239.072
61.572
355.999
228.272
-267.685
-1009.465
-1144.316
-820.228
-398.084
-46.740
-162.772
-214.971
-284.116
-324.713
-455.935
-301.687
-404.844
-784.988
-520.634
290.361
760.585
384.337
-152.376
-296.590
-371.284
-8.334
61.498
-397.887
-678.892
-1296.030
-1585.305
-1371.527
-855.963
-157.721
-146.390
-234.071
-511.738
-775.662
-967.539
-1165.840
-1041.692
-789.739
-729.871
-1077.794
-1010.513
-739.031
-23.180
508.649
1109.266
1347.209
1117.762
812.977
371.970
58.725
76.049
341.946
338.148
19.674
-225.474
-252.061
-105.032
228.210
457.063
742.069
686.476
460.033
359.613
382.501
522.825
1029.056
1159.750
1209.081
1396.306
1506.898
1483.489
1282.595
825.097
260.013
16.403
97.328
283.665
360.075
377.154
341.720
457.036
833.791
1131.662
845.871
388.069
-210.562
-818.357
-1130.873
-1279.533
-1158.818
-881.227
-629.002
-189.762
-4.113
-288.318
-471.010
-574.643
-643.481
-529.176
-662.451
-767.970
-603.104
-421.742
-632.016
-854.931
-1046.271
-776.925
-437.454
-243.986
87.153
176.171
167.086
194.767
511.438
543.461
256.851
-4.725
-474.965
-1078.996
-1127.952
-574.678
-155.593
211.434
79.211
-137.640
-176.544
-319.453
-165.095
-35.793
-34.812
5.898
33.135
175.063
360.695
511.033
392.070
-49.305
-382.362
-454.396
-200.046
84.804
330.809
616.440
882.832
928.807
732.274
534.549
211.948
-242.319
-207.414
11.495
109.733
188.707
233.579
286.267
141.781
-27.260
396.022
828.837
994.152
788.966
-41.908
-819.090
-1296.163
-1261.284
-657.532
-53.713
321.900
118.455
-227.084
-449.201
-446.958
-277.730
138.528
477.887
733.540
1088.954
1334.742
1255.924
1027.708
636.840
234.762
-93.755
-340.297
-259.650
-32.663
52.009
12.377
-302.393
-839.481
-1277.634
-1354.427
-1167.674
-944.171
-649.004
-102.454
115.954
358.655
349.031
367.509
397.265
518.205
483.992
299.407
306.952
501.869
599.766
459.977
-18.526
-494.926
-697.624
-573.709
-551.472
-454.015
-281.523
-102.084
-176.201
-272.812
-131.470
47.091
102.995
-20.766
-175.769
-484.992
-542.364
-298.974
-54.315
-85.178
-62.200
-47.908
53.181
266.723
419.725
540.981
513.478
285.131
108.735
176.664
248.270
217.659
74.252
-96.377
155.598
247.445
171.155
211.317
194.709
385.445
322.628
110.595
-18.940
-54.611
56.797
125.463
-14.375
-88.801
-59.257
-284.571
-258.107
-149.321
-239.736
-379.515
-575.203
-571.592
-498.074
-306.515
-43.647
216.440
188.553
-2.561
-253.713
-347.876
-113.954
18.036
79.281
60.363
57.493
162.585
178.667
155.063
123.837
20.176
-146.173
-88.469
-28.632
185.710
256.569
386.921
276.064
92.681
68.777
158.979
59.877
-186.448
-340.341
-385.698
-187.241
-30.191
181.255
342.231
424.493
453.658
336.268
188.081
68.268
-34.382
-18.027
28.218
-105.571
-192.547
-377.327
-610.908
-773.717
-712.677
-602.988
-632.735
-574.364
-428.448
-214.289
-11.835
219.648
208.560
173.623
122.410
72.149
114.206
155.494
173.576
271.767
384.997
624.408
709.166
559.443
351.032
243.217
215.183
207.815
218.146
259.943
448.794
605.680
646.039
499.926
247.523
93.896
-31.409
-270.912
-394.034
-366.655
-185.338
-45.267
22.576
-2.866
5.842
8.079
-57.270
-98.704
27.735
-56.704
-255.399
-419.762
-396.693
-297.579
-139.058
17.155
128.793
161.209
163.552
-13.117
-139.586
-163.090
-206.149
-111.957
-68.282
-108.981
-174.467
-281.431
-343.968
-330.550
-194.679
9.886
104.408
44.503
20.432
-10.901
22.540
118.420
232.928
290.088
279.067
266.570
196.652
172.506
235.191
229.626
147.139
91.565
45.045
35.240
-19.746
-81.853
-94.155
-91.541
-92.917
-59.142
-79.986
-162.129
-198.427
-150.519
-76.487
-35.755
-8.946
-2.059
-55.372
-99.500
-90.179
-104.732
-18.656
-24.244
-21.105
14.803
-97.613
-173.761
-89.647
36.220
74.620
-6.849
-89.252
-124.434
-81.358
29.111
136.910
227.662
221.373
140.517
68.350
51.639
40.307
25.560
38.534
117.094
68.842
