1.893
7.279
7.156
7.171
7.448
7.774
7.905
7.277
7.922
8.194
7.916
7.280
8.078
12.604
17.152
20.615
21.679
16.774
11.694
10.085
2.308
-4.799
-6.789
-11.509
-17.237
-26.033
-27.399
-18.667
-11.311
-4.429
8.983
14.658
8.661
-6.033
-37.401
-50.828
-49.282
-45.043
-21.834
-3.386
31.709
49.748
71.746
72.012
43.654
49.057
64.027
85.110
82.204
51.594
9.526
-44.367
-50.296
-59.097
-87.963
-55.875
-7.033
25.133
15.542
8.009
-52.129
-184.566
-210.796
-100.141
8.754
41.476
30.758
-1.392
4.596
59.931
94.773
93.825
17.302
-65.901
-4.544
26.931
-15.083
-104.469
-78.016
-57.543
-56.140
13.207
78.611
78.462
74.105
75.297
48.658
41.835
66.878
110.944
117.587
92.690
-20.863
-71.497
-10.322
46.080
88.785
54.610
62.497
31.994
-37.140
11.039
11.778
-60.324
-106.308
-89.690
-70.904
-84.633
-8.030
-9.087
-114.993
-68.541
44.215
145.806
126.225
68.095
88.729
86.307
64.281
61.396
71.526
-14.009
-26.775
-40.244
-66.422
-109.113
-98.858
-94.156
-74.205
67.501
262.382
356.530
292.695
274.504
191.137
123.029
-13.097
-68.267
-67.738
-137.491
-167.771
-103.913
-79.737
-56.959
-67.628
-31.111
14.917
35.653
53.487
-35.345
-85.309
-79.602
-127.184
-152.083
-70.897
-19.011
12.443
-39.584
-57.564
-131.555
-160.562
-134.814
-140.583
-133.473
-157.746
-85.616
42.698
41.491
0.647
-3.462
52.074
79.351
90.032
69.705
73.030
38.230
33.205
81.318
122.697
135.441
124.662
129.224
124.895
135.394
135.383
94.645
-47.064
-68.603
31.280
3.558
-80.072
-252.546
-263.896
-183.408
-134.892
-106.391
-105.471
-128.245
-125.351
-160.438
-168.404
-145.246
-79.921
-29.831
-6.354
66.179
110.637
140.166
142.569
67.758
49.507
-17.360
-23.223
42.391
86.281
94.599
93.180
48.812
-24.855
-69.736
-93.070
-42.518
17.449
-31.836
-118.459
-151.856
-109.334
-67.604
-94.737
-81.226
-12.359
56.102
82.732
118.086
41.087
-39.886
-72.184
-67.438
-24.865
49.694
184.230
250.680
238.978
219.901
237.545
214.015
191.800
148.270
60.998
-1.465
20.370
79.620
152.019
244.690
288.539
269.800
205.640
137.234
87.741
47.656
8.533
-1.189
26.349
4.095
-72.232
-158.452
-245.033
-347.711
-368.079
-317.365
-186.754
-45.289
-2.820
48.886
83.878
145.174
271.514
300.899
297.316
356.280
345.305
269.850
97.100
-55.647
-135.616
-133.922
-122.960
-119.274
-152.898
-228.771
-364.424
-502.960
-663.050
-789.888
-875.500
-986.840
-1044.481
-1030.478
-957.367
-871.710
-821.384
-784.875
-759.804
-730.255
-652.933
-492.754
-220.596
-1.360
241.977
429.445
537.309
597.474
625.042
677.241
796.259
922.363
989.835
965.186
814.484
631.427
475.354
264.144
39.101
-134.039
-240.557
-279.469
-322.613
-363.487
-374.916
-409.612
-446.517
-498.850
-567.535
-528.838
-336.086
-128.910
38.855
167.119
295.036
357.300
449.780
547.542
634.807
726.356
833.489
905.914
1001.462
1103.481
1115.128
990.958
768.736
516.971
276.637
68.660
-104.311
-276.039
-516.479
-848.942
-1096.564
-1267.209
-1400.115
-1458.683
-1430.987
-1331.146
-1239.755
-1115.622
-848.314
-516.254
-215.884
16.459
180.390
333.962
474.831
525.238
583.068
760.544
989.501
1188.989
1344.902
1472.175
1510.548
1488.464
1395.320
1323.466
1302.654
1269.472
1101.461
880.670
691.565
440.025
126.189
-223.712
-435.734
-472.518
-471.246
-490.248
-482.515
-397.087
-256.914
-54.278
124.358
217.087
172.511
88.430
3.324
-194.401
-480.312
-742.830
-859.580
-801.185
-363.245
152.191
571.162
897.503
996.400
1011.625
841.103
414.963
44.345
-379.490
-828.331
-1119.422
-1298.155
-1361.829
-1402.647
-1454.950
-1406.251
-1065.106
-661.380
-482.478
-357.882
-236.795
-99.760
10.164
-39.840
-143.744
-275.600
-470.175
-565.714
-463.677
-222.167
-80.225
-162.788
-321.864
-414.603
-460.801
-500.635
-530.797
-466.311
-373.771
-382.036
-358.105
-276.626
-262.483
-305.415
-304.939
-141.941
-26.596
99.268
225.185
360.478
488.938
589.703
698.133
812.800
921.233
1006.178
967.490
890.247
797.240
731.350
693.144
661.333
626.179
600.894
605.657
628.059
634.446
425.987
152.159
-44.613
-186.349
-220.210
-79.502
102.926
187.675
178.989
70.478
-115.269
-339.582
-545.763
-695.538
-834.515
-961.348
-988.812
-914.113
-709.157
-451.127
-233.463
-69.446
62.532
202.539
319.542
429.564
535.149
649.769
749.129
735.248
642.235
525.586
430.099
301.591
164.529
89.814
44.241
61.234
141.449
222.996
242.143
208.421
139.253
23.321
-117.986
-220.447
-284.047
-351.244
-360.287
-306.805
-234.464
-195.034
-190.774
-170.112
-179.300
-209.185
-242.300
-253.013
-194.730
-95.048
-11.609
-37.309
-99.429
-154.415
-107.048
29.811
228.038
434.489
515.101
427.853
254.760
132.937
77.032
51.396
20.711
-25.769
-16.563
125.046
295.236
353.878
380.798
353.796
357.459
345.402
349.315
446.026
534.275
564.539
473.913
331.334
182.013
49.110
-63.710
-169.351
-192.042
-170.902
-151.411
-109.865
-85.676
-127.830
-167.721
-188.118
-174.101
-166.082
-221.733
-262.984
-327.229
-401.998
-498.596
-639.639
-698.333
-698.223
-576.381
-472.877
-383.030
-300.059
-216.016
-154.766
-103.218
-120.431
-117.604
16.311
178.800
319.680
392.935
398.802
383.476
365.297
313.976
165.161
28.038
30.951
66.195
36.731
-49.628
-41.854
74.406
188.743
272.391
300.233
254.732
165.112
67.974
-63.703
-198.106
-262.479
-281.220
-248.096
-227.146
-214.670
-173.725
-199.798
-267.046
-318.792
-368.375
-323.978
-178.870
44.149
240.585
315.435
304.250
195.974
109.458
103.292
128.685
198.388
282.775
334.162
345.120
296.378
168.463
32.272
-52.626
-61.462
13.480
65.817
62.673
25.810
-16.113
-68.173
-117.666
-175.718
-208.017
-224.107
-220.320
-177.978
-159.338
-100.020
-78.078
-76.949
-26.340
81.105
177.607
258.902
221.585
61.302
-123.546
-216.584
-179.891
-108.152
-66.191
-0.901
73.196
122.757
159.509
241.875
319.990
383.791
420.560
422.670
379.997
303.681
224.831
100.119
-2.041
-78.524
-198.080
-344.586
-482.910
-549.864
-570.655
-522.321
-441.846
-372.114
-292.804
-227.502
-191.825
-232.291
-287.332
-348.679
-396.978
-417.734
-366.085
-270.925
-167.018
-73.393
-42.411
-20.759
15.522
46.022
82.781
139.094
199.478
254.287
273.724
255.462
196.698
81.011
-27.936
-82.311
-93.365
-81.329
0.708
146.467
222.630
288.551
336.892
339.387
263.378
164.994
171.684
207.481
227.564
191.829
140.442
103.605
80.102
42.322
-70.374
-184.978
-246.697
-254.014
-235.546
-229.675
-243.079
-281.394
-346.492
-416.293
-459.429
-511.667
-519.197
-484.435
-394.469
-306.306
-254.278
-233.606
-230.013
-246.534
-263.208
-264.205
-227.336
-140.172
-86.847
-65.510
-74.665
-107.288
-111.279
-91.455
-41.203
39.652
128.232
210.042
255.299
254.619
166.738
107.075
24.968
-33.680
-19.958
30.153
135.676
238.547
317.765
332.997
305.149
276.363
278.767
309.295
343.153
371.648
402.827
429.661
440.599
406.524
360.952
322.218
276.519
190.181
97.573
-32.918
-137.256
-201.088
-209.334
-221.902
-233.934
-207.430
-154.920
-63.530
21.139
64.201
80.244
104.269
109.044
124.802
114.619
89.233
95.421
109.092
132.681
186.617
268.002
334.221
371.662
384.164
342.343
320.950
269.512
189.272
114.417
-11.402
-154.645
-309.745
-438.398
-543.233
-606.896
-620.843
-581.305
-477.803
-389.497
-309.806
-271.946
-210.207
-141.471
-96.357
-55.765
-9.118
15.004
17.796
5.843
-57.591
-135.318
-205.111
-221.214
-191.652
-150.121
-71.353
-2.055
48.482
32.113
3.749
-11.673
-17.685
-16.164
-44.780
-42.702
-15.889
3.307
11.933
25.213
38.776
26.807
19.218
36.069
93.419
130.762
168.174
189.310
214.444
236.971
268.783
327.366
373.634
403.237
384.268
321.224
253.319
181.786
125.027
80.901
48.719
16.338
-31.379
-43.399
17.992
94.697
181.501
259.007
320.472
371.667
371.052
377.524
303.652
198.181
118.299
16.763
-58.859
-134.744
-195.878
-221.069
-226.764
-220.215
-211.886
-198.244
-171.568
-140.663
-126.231
-131.086
-158.648
-199.111
-219.619
-232.125
-261.600
-268.769
-228.564
-204.369
-179.511
-149.860
-95.060
5.178
89.510
183.364
227.085
238.004
192.725
93.546
-6.560
-75.319
-106.568
-132.389
-143.768
-136.733
-97.753
3.520
94.389
117.699
84.981
71.127
70.330
101.695
130.040
153.560
131.218
84.816
49.670
31.016
40.068
17.230
-9.439
-15.768
18.376
93.094
163.658
216.923
249.633
274.691
282.537
261.124
229.825
207.707
183.381
164.048
151.057
113.557
74.419
39.030
82.784
143.653
188.042
207.944
226.628
277.538
321.861
337.079
336.975
314.723
231.215
130.762
72.239
27.770
-21.747
-71.197
-115.726
-153.849
-191.597
-222.642
-240.776
-254.191
-254.775
-245.473
-255.618
-251.502
-263.089
-267.557
-269.488
-279.839
-251.700
-237.044
-250.464
-260.479
-234.474
-161.871
-87.807
-36.513
-0.901
20.515
27.762
39.061
46.024
42.498
8.733
-46.207
-91.199
-132.488
-180.565
-259.576
-286.876
-295.288
-272.815
-202.722
-151.784
-97.930
-61.389
-45.003
-54.921
-78.485
-112.834
-140.210
-142.247
-128.273
-113.438
-97.954
-98.580
-134.564
-187.464
-214.907
-198.600
-181.070
-180.637
-160.813
-143.066
-85.531
-54.675
-26.511
-0.850
-5.413
19.679
57.746
100.420
155.836
222.176
265.109
292.866
300.311
279.130
262.334
257.366
260.202
273.741
281.122
281.966
256.024
223.218
205.772
189.845
105.849
16.441
-69.718
-139.685
-193.856
-244.100
-274.221
-287.660
-271.434
-257.428
-247.050
-240.976
-227.189
-204.539
-198.908
-201.817
-184.774
-146.566
-97.567
-52.096
-2.277
72.605
136.257
170.820
200.278
193.521
202.932
211.907
210.588
179.464
118.061
92.209
65.480
48.284
60.391
89.556
138.419
179.045
201.370
197.401
157.956
115.224
78.969
62.906
60.166
61.978
36.327
-11.760
-71.403
-121.715
-187.223
-202.752
-188.764
-149.544
-107.836
-60.586
7.349
50.854
36.418
5.910
-18.428
-21.413
-15.965
-8.554
-8.323
-16.711
-30.509
-38.211
-21.786
10.528
51.920
94.092
141.221
191.198
232.035
210.091
189.379
158.151
135.536
109.926
62.160
28.778
6.439
-10.448
-5.743
-7.902
-13.760
-33.682
-52.102
-40.555
-15.314
11.719
13.101
-10.278
-52.564
-98.303
-113.822
-115.787
-102.208
-66.007
-78.121
-71.138
-77.043
-89.970
-91.698
-105.996
-95.212
-57.829
-0.030
65.200
128.985
183.062
211.165
184.977
147.289
107.753
69.111
50.896
32.307
31.593
31.898
24.599
15.102
0.735
-8.550
-42.736
-54.441
-63.054
-72.291
-90.734
-121.723
-146.281
-159.076
-186.911
-215.749
-237.553
-245.183
-223.494
-182.126
-129.043
-66.163
-27.420
11.381
33.279
60.249
78.727
104.211
144.484
175.667
210.008
191.988
155.096
99.140
49.300
-3.656
-62.255
-89.563
-83.077
-56.469
-26.454
-0.639
3.489
-15.968
-51.089
-90.396
-127.663
-155.200
-160.076
-160.323
-179.172
-197.926
-208.519
-220.868
-215.833
-173.043
-141.791
-83.683
-28.655
29.448
75.020
106.260
157.802
198.416
230.788
246.221
239.457
227.506
211.189
186.207
167.436
145.621
113.203
89.347
101.681
131.955
164.503
183.481
186.929
181.281
179.390
