-13.947
-4.702
-3.852
-3.001
-1.904
-0.766
0.073
0.156
0.495
1.261
1.756
4.636
6.800
6.094
4.819
3.062
2.445
2.765
1.998
1.806
-5.469
-8.173
0.394
-0.992
7.011
15.060
10.119
15.436
21.391
17.919
17.218
13.891
28.879
36.385
38.725
24.909
13.497
0.443
3.794
1.956
-15.637
-6.799
-2.056
2.708
41.006
57.912
12.799
-29.120
-15.747
-8.208
-16.917
-5.666
46.481
46.577
35.359
28.503
19.367
-32.561
-37.422
7.591
59.874
14.067
1.832
-4.651
-80.576
-111.598
-87.955
-91.028
-120.538
-133.413
-151.058
-90.577
-22.918
-3.821
-25.707
-6.560
42.127
158.770
175.306
142.824
94.125
108.643
93.394
84.992
69.700
67.711
93.128
73.048
36.919
12.386
-51.857
-104.860
-115.446
-145.907
-137.623
-182.234
-210.602
-139.875
-82.873
19.921
-0.797
-48.948
-58.610
-21.524
55.024
110.933
-7.283
-54.569
-26.025
21.226
61.837
76.514
77.806
37.833
88.405
99.878
70.828
42.006
-57.737
-114.157
-48.316
16.043
-75.578
-129.648
-91.393
-2.356
-41.468
-25.145
72.561
167.123
215.833
234.178
251.105
188.532
85.274
-17.240
8.008
4.457
-26.294
-72.958
-151.918
-184.259
-149.220
-139.599
-86.277
-43.502
61.363
149.002
102.726
15.036
-27.559
-49.483
18.946
100.445
125.230
110.738
37.328
26.613
69.165
100.862
118.181
114.357
112.745
189.586
203.388
136.165
25.514
-66.093
-151.470
-145.969
-118.568
-30.534
-51.120
-31.193
-5.501
48.938
78.893
89.862
131.159
132.319
114.317
108.245
19.982
-41.339
-38.981
-79.222
-84.545
-139.485
-178.786
-176.286
-143.731
-145.513
-184.673
-277.072
-317.456
-301.180
-275.665
-271.033
-252.105
-229.464
-178.117
-63.507
-60.821
-4.931
140.701
188.733
228.569
288.424
359.098
409.871
380.482
330.287
286.545
223.625
127.792
75.879
78.576
162.493
236.826
280.982
303.664
235.880
215.251
249.308
254.620
241.836
175.686
52.862
-27.790
-18.625
-38.110
-62.787
-72.189
-98.513
-138.502
-158.779
-193.736
-260.771
-249.930
-222.120
-222.841
-224.071
-296.801
-338.284
-354.555
-330.306
-346.893
-402.596
-446.329
-410.133
-308.178
-178.718
2.767
113.327
165.064
192.028
201.291
235.217
315.023
351.215
330.506
248.348
150.971
53.801
35.540
27.411
53.321
86.449
50.548
14.793
-11.298
-68.237
-54.572
-50.662
-93.756
-79.456
-45.404
-25.812
-43.060
-145.022
-355.763
-561.060
-706.553
-798.078
-869.792
-912.003
-957.084
-994.737
-993.704
-1002.397
-959.189
-858.163
-715.249
-579.616
-446.175
-270.125
-142.711
-88.339
-61.006
-17.244
54.561
122.102
190.816
228.700
300.375
452.984
602.047
650.179
635.252
626.435
679.687
739.700
814.115
846.555
788.749
700.191
607.103
562.929
552.543
489.221
357.548
213.838
160.703
141.819
139.718
135.851
171.504
238.700
278.927
316.125
341.133
397.761
404.533
340.087
274.445
260.143
323.609
360.899
346.130
333.757
271.731
143.008
26.166
-86.764
-153.918
-131.192
-87.988
-75.732
-119.104
-260.792
-457.650
-583.433
-715.370
-792.677
-757.529
-688.888
-698.827
-661.380
-509.334
-343.215
-154.989
-36.043
-31.121
-21.246
15.183
110.997
217.314
341.814
482.642
575.968
646.570
692.074
715.739
762.583
800.005
768.974
731.839
720.132
661.819
483.772
249.422
31.628
-169.245
-337.074
-468.174
-449.784
-382.268
-452.151
-522.414
-467.130
-295.395
-190.722
-151.708
-35.551
72.354
129.227
188.488
245.285
227.819
34.293
-229.179
-475.512
-617.497
-694.609
-661.529
-437.264
-207.171
-38.382
180.972
426.911
680.928
723.079
682.369
622.265
571.047
426.887
307.523
228.082
131.355
35.499
-124.206
-313.506
-402.945
-382.713
-269.740
-202.227
-212.634
-171.797
-43.109
13.193
-39.429
-143.734
-356.805
-594.011
-788.096
-920.925
-969.749
-833.785
-666.742
-585.285
-476.313
-381.286
-230.228
17.478
263.471
413.829
471.073
453.801
272.163
114.160
105.341
47.939
-129.607
-260.253
-284.835
-145.315
50.764
264.820
466.928
510.937
404.661
183.147
-35.544
-128.263
-191.036
-335.772
-638.638
-935.287
-1144.135
-1248.988
-1306.504
-1297.148
-1268.566
-1242.628
-1223.447
-1174.699
-1056.997
-872.900
-560.469
-264.089
-43.340
212.215
426.945
529.897
527.138
507.431
461.735
430.884
439.734
477.157
557.777
676.543
847.705
1031.719
1190.014
1316.652
1387.659
1365.494
1199.093
959.206
762.403
608.840
553.628
556.055
573.229
604.377
624.992
677.241
737.399
699.815
563.855
484.119
465.826
519.486
555.822
540.299
436.322
298.198
134.053
-84.380
-306.932
-453.696
-534.265
-613.997
-738.667
-879.386
-970.595
-1020.192
-956.790
-804.917
-667.251
-629.169
-648.789
-596.980
-397.820
-201.604
-115.062
-74.399
13.678
211.956
526.442
812.253
1009.656
1104.248
1100.776
1007.690
909.933
791.561
640.181
431.332
178.085
-100.269
-287.353
-310.546
-333.578
-401.159
-465.863
-508.426
-578.280
-708.225
-863.759
-958.165
-971.820
-961.973
-977.353
-997.409
-990.226
-848.593
-449.062
52.740
496.031
830.273
990.388
987.658
883.859
739.580
604.525
488.713
329.740
128.741
-49.677
-198.385
-314.122
-454.636
-632.025
-785.633
-872.287
-834.024
-708.791
-509.790
-180.471
39.634
74.013
91.679
81.781
30.918
-75.255
-127.103
-129.089
-172.053
-140.881
-24.544
151.335
321.066
428.627
410.493
409.246
417.043
385.898
288.610
221.467
187.476
200.635
268.176
295.067
348.442
427.680
504.635
590.547
688.191
759.591
837.200
915.868
959.438
977.206
959.766
903.655
800.937
611.826
422.036
303.533
227.888
165.721
84.200
-69.513
-273.917
-492.153
-626.878
-694.232
-761.204
-804.402
-842.522
-852.439
-845.754
-830.299
-822.370
-821.002
-839.428
-874.114
-924.691
-965.068
-973.528
-960.750
-845.692
-598.846
-389.086
-247.063
-87.932
94.562
225.681
270.770
249.106
212.964
189.630
168.042
234.656
295.267
332.096
346.109
317.379
271.968
249.738
244.044
237.946
182.317
150.915
175.539
245.921
372.953
475.339
505.810
465.922
360.848
273.240
243.425
250.708
268.593
263.844
260.247
289.394
354.690
380.644
376.152
292.401
104.343
-11.136
-67.981
-77.822
-75.543
-38.763
39.457
91.211
87.790
61.095
92.388
137.474
109.969
1.761
-51.963
-59.215
-100.082
-121.622
-127.837
-136.557
-140.520
-138.143
-127.416
-60.739
-7.341
-23.951
-97.802
-175.787
-262.296
-319.296
-338.609
-368.718
-389.432
-400.385
-418.111
-437.294
-479.308
-503.492
-529.891
-551.570
-542.792
-490.065
-415.966
-304.644
-223.591
-211.473
-224.627
-265.004
-305.673
-349.544
-414.369
-443.575
-456.286
-446.288
-447.781
-466.515
-488.066
-504.454
-505.469
-491.495
-457.933
-394.507
-273.680
-121.741
24.074
107.586
119.053
75.643
43.701
41.113
70.395
136.282
246.010
342.109
386.834
374.328
371.406
412.034
468.391
541.258
600.925
626.723
620.980
580.594
530.109
465.430
390.269
286.348
159.743
91.714
114.600
201.753
276.540
328.389
392.960
461.399
548.371
633.718
714.316
752.550
727.047
597.872
427.535
303.359
198.115
89.508
-51.390
-190.605
-299.144
-381.213
-444.364
-495.767
-544.270
-631.059
-704.705
-772.768
-798.609
-780.375
-729.775
-660.687
-596.175
-498.787
-366.593
-209.799
-70.633
78.945
214.214
329.201
394.380
426.813
449.142
459.789
477.609
451.749
377.084
302.568
213.442
149.437
123.754
108.989
81.913
34.084
-29.390
-97.255
-112.641
-121.140
-145.706
-193.442
-220.368
-223.701
-218.175
-228.518
-208.481
-236.916
-267.700
-282.882
-273.455
-250.784
-217.367
-187.065
-138.534
-119.111
-126.522
-124.051
-64.131
-15.860
-1.686
-15.550
-36.121
-61.015
-66.326
-16.172
64.974
131.565
169.628
178.099
184.361
212.553
210.842
182.098
161.874
180.831
224.933
288.724
348.615
403.867
440.394
443.936
408.074
385.215
359.002
337.641
314.469
292.211
260.476
197.500
96.178
-15.565
-100.010
-135.929
-119.836
-85.782
-64.735
-80.033
-87.838
-64.155
-11.021
10.790
40.774
73.802
102.403
122.064
146.187
166.341
161.619
72.272
-77.674
-208.051
-310.870
-356.431
-364.688
-356.110
-350.715
-361.158
-373.273
-403.794
-437.109
-471.348
-495.719
-500.291
-492.998
-446.232
-368.865
-295.185
-236.819
-182.546
-121.043
-76.927
-32.544
40.463
105.699
153.290
195.818
196.482
182.866
137.553
112.539
111.560
111.959
124.307
151.461
174.786
203.347
232.509
241.065
238.375
198.096
125.340
110.734
137.501
154.471
174.123
205.940
218.271
224.023
228.798
244.879
206.684
172.677
151.257
148.622
175.562
186.997
171.176
122.566
77.454
60.733
72.592
89.866
111.954
150.916
172.443
168.756
168.138
181.388
192.426
221.823
257.268
303.221
337.853
341.169
332.135
321.605
300.702
270.639
215.853
189.714
149.279
117.868
69.469
-7.908
-103.930
-185.789
-262.186
-316.787
-356.967
-392.258
-414.225
-425.804
-429.426
-425.451
-395.163
-334.653
-282.848
-227.720
-176.802
-114.965
-88.411
-92.900
-110.181
-151.487
-175.380
-173.711
-173.089
-186.158
-190.559
-167.531
-147.528
-140.114
-156.344
-172.094
-175.998
-154.371
-131.292
-116.305
-113.504
-110.585
-95.000
-75.226
-50.265
-15.195
19.817
27.065
52.216
111.199
144.780
156.111
161.809
166.638
158.997
141.927
116.966
96.457
67.791
30.467
-9.422
-50.344
-50.819
-47.952
-24.263
24.585
69.759
95.104
96.196
114.286
120.826
134.583
173.645
192.829
201.359
208.919
205.213
185.855
148.473
129.960
118.314
96.918
86.948
101.947
126.190
151.575
175.490
194.563
212.508
212.943
171.554
96.521
23.759
-58.140
-127.956
-182.717
-226.131
-283.968
-328.359
-334.149
-331.247
-329.229
-324.139
-307.585
-272.429
-231.853
-224.333
-217.763
-208.498
-199.170
-213.812
-227.852
-213.625
-167.298
-150.808
-132.492
-114.896
-112.015
-122.437
-138.634
-145.555
-137.105
-112.370
-75.725
-41.447
-16.337
-21.813
-36.219
-50.289
-61.064
-68.337
-55.796
-55.149
-34.828
-8.218
21.490
49.968
62.612
81.133
52.015
44.892
29.308
25.955
-18.391
-71.460
-119.594
-154.253
-147.438
-107.651
-55.836
-4.565
39.074
80.361
122.449
160.755
183.999
202.825
208.759
217.635
233.445
239.083
231.558
222.307
215.275
205.104
195.659
177.235
175.515
159.936
150.688
148.878
162.677
184.048
178.948
180.929
180.210
195.145
189.953
181.905
177.971
175.785
175.762
174.052
164.068
150.466
116.687
74.866
46.896
24.484
-3.060
-26.056
-35.560
-39.762
-68.236
-93.072
-127.282
-167.610
-202.741
-235.431
-239.540
-246.023
-221.678
-184.573
-156.987
-131.026
-112.199
-125.703
-147.808
-151.774
-155.705
-144.517
-131.772
-116.068
-123.021
-127.576
-148.065
-186.486
-211.630
-240.386
-247.478
-249.676
-242.825
-227.644
-220.732
-202.441
-191.635
-182.074
-165.357
-135.058
-96.403
-54.679
-15.910
22.007
72.645
114.340
152.230
185.233
219.567
227.911
233.093
239.770
255.181
287.225
293.345
303.488
311.439
326.673
342.181
353.249
362.111
344.818
321.038
298.157
255.120
194.582
129.984
64.329
19.043
0.698
-18.453
-32.255
-20.191
-22.453
-44.960
-70.771
-93.173
-122.408
-133.645
-160.472
-174.282
-187.265
-201.349
-205.351
-217.484
-218.585
-219.683
-235.956
-237.497
-237.636
-212.046
-175.939
-122.566
-87.382
-74.541
-68.260
-67.931
-60.584
-56.151
-46.145
-46.271
-35.710
-16.732
13.124
