-30.128
24.162
23.444
23.305
22.991
24.646
32.372
31.019
25.023
26.788
25.402
24.442
20.229
17.061
11.393
6.987
1.783
-1.387
-4.171
-8.291
-8.295
-7.653
-7.642
-1.787
1.308
-6.776
-16.116
-23.026
-19.380
-8.414
3.223
3.690
-0.152
-22.310
-33.606
-32.250
-11.958
8.989
25.857
44.718
39.694
11.079
-17.351
-41.518
-42.401
4.791
7.937
16.296
6.263
-4.638
-6.209
-19.035
-26.413
-64.871
-69.007
-25.836
14.448
81.414
90.877
42.607
28.803
-26.401
-108.272
-112.775
-100.569
-3.705
72.221
82.336
74.337
-35.854
-18.307
-66.819
-93.737
-79.688
50.261
-30.451
62.152
52.518
67.325
-31.425
-155.069
-161.966
-206.672
-163.221
7.033
222.245
200.628
163.654
40.198
54.935
78.003
-116.669
-301.827
-358.586
-279.847
-54.968
148.351
137.066
141.600
34.716
-172.550
-159.200
-90.225
289.240
45.813
-59.419
155.055
-36.340
-5.749
-295.288
-366.794
-402.079
-216.585
78.046
241.105
271.944
305.165
286.609
255.102
-3.853
-138.135
-385.326
-235.767
-498.325
449.958
458.982
77.348
13.653
-126.117
-171.920
-356.344
-373.433
198.201
511.158
619.352
811.993
345.268
-87.496
365.185
-149.134
-247.252
-58.498
-465.714
-631.239
-126.810
291.576
238.304
-82.822
-197.221
11.333
263.293
-230.054
-490.689
-506.844
72.015
358.862
498.818
253.345
-588.090
-434.204
482.301
663.542
1049.786
720.856
-85.660
-238.291
-1096.094
-320.765
-527.079
-619.512
-194.849
-85.696
547.971
720.040
418.208
145.877
-215.702
-838.434
-892.016
-536.666
562.295
1337.138
1442.089
1087.219
387.161
-548.124
-819.451
-992.095
29.014
590.028
844.232
-282.001
-1225.987
-856.611
88.163
466.684
672.183
1073.523
841.552
-133.345
-77.828
156.610
231.887
494.979
335.863
-231.949
-1327.277
-1508.797
-1052.859
1083.558
1357.423
1259.446
773.796
163.783
84.881
-87.819
114.833
-772.415
-1076.345
-1158.517
-154.244
709.498
676.147
346.246
-479.336
441.808
1363.138
1424.312
1204.197
-689.191
-1837.531
-2294.824
-1523.733
-694.270
-43.594
-523.391
-1113.061
-652.536
-122.616
781.710
1022.295
1409.888
1187.601
141.558
-400.350
-976.261
-1872.707
-1349.158
-748.492
-331.145
-131.041
-252.621
-129.926
-201.265
239.789
1082.098
1115.839
904.801
-148.382
-849.276
-1349.769
-1272.247
-1943.988
-778.646
609.034
1165.977
987.472
78.374
793.631
1362.339
1077.347
707.993
204.129
74.967
338.488
605.698
-45.311
-204.256
-714.402
-667.228
-799.343
352.358
830.825
1472.685
1665.167
1613.914
-145.714
-541.798
-803.210
-374.830
447.184
777.483
1083.839
1050.005
1016.737
931.186
-211.729
-603.955
-936.673
-1509.674
-1949.597
-2025.012
-986.492
-557.002
-857.450
-1801.915
-849.181
22.900
858.807
1533.707
1821.206
1686.997
810.370
-233.243
-332.445
-599.180
-996.462
-550.538
-46.933
-119.159
-175.299
-199.696
-737.660
-601.602
334.229
751.195
828.693
1090.676
1153.040
1028.497
450.405
583.557
-453.455
64.519
-161.386
-602.380
-1141.905
-1860.549
-2262.326
-1911.918
-1845.574
-827.676
-122.687
169.193
505.945
1109.854
1441.863
1517.280
877.973
309.673
-555.773
-869.247
-1077.360
-1399.229
-788.298
496.332
965.025
1343.194
743.263
1046.585
1436.594
2075.872
2149.716
1872.966
1191.795
379.761
226.893
76.318
-10.264
-246.136
-649.513
-1004.805
-1570.287
-2077.047
-1631.674
-536.555
-922.412
-885.755
-1244.570
-1487.400
-1367.337
-876.397
-208.202
81.944
434.023
1244.025
1571.643
1550.191
1389.377
257.129
224.237
169.347
-40.707
-110.751
-167.754
295.810
859.700
881.975
689.301
52.349
-111.037
-238.158
-428.777
-755.079
-1855.040
-1947.761
-1727.637
-1809.668
-1830.866
-1557.947
-1113.909
-542.365
-306.185
-115.855
25.554
495.554
891.695
1548.645
1808.131
1715.256
1944.269
1967.075
1899.408
1892.817
2015.971
1974.018
1776.504
1382.506
700.992
246.702
98.487
-76.841
-267.265
-593.812
-782.199
-821.921
-823.058
-1101.462
-1231.614
-1091.665
-339.290
-251.850
-366.837
-464.658
-712.313
-883.429
-313.920
-188.406
-126.985
-244.963
47.922
308.733
435.525
213.097
-24.267
-260.158
-555.843
117.632
653.863
428.681
73.172
-558.924
-595.949
-578.195
112.579
172.528
31.343
-375.104
-603.515
-694.655
-652.992
-306.724
-5.677
-567.543
-1377.632
-1648.884
-955.149
-1426.389
-700.257
-8.019
179.882
286.657
583.699
953.442
1341.405
1503.319
1255.060
926.580
1058.837
863.300
418.518
262.468
140.856
168.388
-7.719
11.606
146.489
18.516
-282.155
-325.489
-22.610
414.096
417.101
438.897
566.482
468.812
538.018
396.911
264.400
234.442
220.202
159.797
38.838
-61.786
-168.748
-377.528
-377.424
-72.774
10.563
-24.843
-133.235
-64.587
-354.076
-500.555
-313.117
-339.765
-717.613
-1056.146
-1015.192
-1097.482
-860.789
-576.155
-418.255
-423.565
-451.257
-398.222
-105.924
119.862
354.016
406.491
264.625
390.819
535.486
591.938
578.415
489.376
342.578
288.361
335.227
419.518
430.452
569.317
153.280
-5.854
50.397
233.187
231.939
180.375
151.538
-11.438
-157.485
-262.132
-280.029
-364.824
-528.626
-444.800
-425.576
-326.110
-342.848
-35.665
123.430
228.824
354.023
418.442
160.558
-141.664
24.089
178.640
126.078
-44.713
-118.359
-146.480
63.078
383.976
405.743
375.018
452.289
504.007
70.121
20.255
-112.184
-228.663
-191.863
-263.113
-297.391
-104.214
-173.962
-177.703
-236.890
-396.193
-521.264
-643.746
-636.595
-423.718
-91.265
-281.170
-162.996
112.629
222.548
514.209
873.480
997.880
1305.867
1148.260
766.837
647.722
304.853
262.402
90.420
-85.157
-141.438
-141.960
220.218
552.715
468.553
272.245
248.804
73.862
-4.715
28.535
23.094
-64.015
-38.704
-6.686
-120.993
-222.239
-312.459
-392.442
-368.600
-958.849
-1347.200
-1139.289
-1592.924
-1225.003
-797.953
-258.787
15.928
93.015
96.961
215.704
264.328
273.659
308.724
99.616
-258.788
-156.676
1.685
-69.705
-280.191
-396.886
-327.415
-310.867
-331.133
-271.369
-248.254
-324.725
-248.288
-107.949
8.126
-17.731
-14.747
72.022
89.632
46.802
167.394
335.062
412.445
551.982
704.696
891.893
1065.065
1024.362
933.147
956.151
932.838
1229.662
1029.990
471.267
427.572
325.593
164.361
-104.659
-280.356
-353.967
-421.338
-504.017
-512.940
-410.570
-460.854
-485.809
-574.610
-609.032
-727.900
-736.586
-543.342
-494.480
-487.825
-597.281
-687.298
-486.322
-242.375
-12.814
421.650
503.023
649.985
708.125
657.051
525.606
311.697
242.037
260.804
89.829
-37.963
-92.396
-323.087
-416.601
-796.956
-1068.534
-1125.741
-774.586
-787.577
-825.291
-470.550
-18.869
184.966
170.319
155.855
174.867
161.847
158.228
163.590
264.019
311.786
356.016
389.224
364.814
366.072
342.875
291.895
313.510
252.938
230.258
199.120
178.848
181.206
273.719
274.349
213.762
158.719
97.724
71.124
91.469
160.800
179.373
231.496
264.763
294.517
346.778
301.491
185.449
195.894
228.114
117.362
-62.268
-212.233
-253.256
-345.778
-420.130
-566.027
-767.517
-1024.065
-1035.526
-730.871
-489.941
-329.280
-229.353
-43.762
45.148
-71.479
-69.658
66.850
165.961
151.308
105.209
74.616
71.730
76.210
66.985
95.193
40.060
-58.900
-145.293
-145.820
-56.129
-25.152
-94.585
-103.374
-59.319
-14.324
13.916
168.057
250.751
317.476
282.244
236.355
228.347
188.404
135.219
146.491
189.452
169.769
98.103
7.299
-33.286
-85.830
-82.571
-43.209
44.542
166.523
270.219
322.441
377.365
552.386
616.736
515.569
414.397
265.701
103.068
-6.259
-72.382
-134.811
-88.372
-82.217
-92.364
-81.526
-8.431
27.323
-44.956
-88.712
-208.951
-318.567
-346.345
-487.878
-654.748
-881.028
-773.006
-683.975
-523.432
-482.372
-447.019
-356.342
-214.108
-66.817
-0.374
101.983
219.144
366.988
487.952
469.222
428.479
408.729
227.807
187.357
147.252
85.351
95.228
91.868
74.468
92.954
96.558
76.711
98.625
194.685
229.434
230.175
224.400
187.812
108.083
79.882
46.087
25.169
17.729
-21.090
-21.343
-40.068
-62.764
-59.033
-40.777
0.327
22.171
2.045
-77.949
-118.605
-138.917
-148.682
-119.288
-81.739
-19.499
67.055
165.867
273.927
379.796
382.978
366.176
343.930
188.575
66.310
-50.847
-128.180
-199.117
-243.245
-264.947
-316.288
-349.793
-371.361
-329.006
-289.726
-248.256
-211.656
-215.608
-225.318
-234.314
-275.193
-296.558
-304.396
-270.069
-242.359
-195.090
-175.683
-103.369
-11.759
50.338
165.482
392.753
571.631
684.337
764.375
776.380
752.072
628.888
298.668
55.053
-21.381
-112.473
-193.537
-219.662
-207.697
-177.717
-185.762
-166.655
-122.519
-119.093
-61.592
-24.236
-16.662
-0.811
21.395
49.802
56.616
61.405
47.235
4.139
-48.820
-89.795
-111.343
-120.709
-107.031
-99.082
-99.646
-94.201
-82.247
-50.154
-15.302
-7.317
34.900
88.252
133.450
152.102
169.918
166.043
41.973
-86.983
-122.502
-155.362
-191.271
-176.092
-139.366
-103.568
-97.663
-103.165
-75.164
-27.132
8.794
69.648
161.608
246.977
283.723
307.586
261.247
226.068
223.888
218.347
172.417
119.673
86.072
52.013
14.817
19.277
31.952
33.323
-7.195
-57.229
-103.556
-153.942
-176.087
-198.918
-239.191
-288.339
-330.473
-344.609
-385.085
-417.639
-429.598
-425.491
-412.760
-388.417
-378.146
-223.148
-79.981
-53.093
6.959
66.379
152.433
190.326
213.323
263.233
329.065
318.119
333.820
339.220
337.810
352.861
386.197
414.924
421.912
398.327
407.942
398.138
342.654
276.613
236.946
188.736
129.634
89.180
88.322
78.776
59.793
33.789
42.505
46.699
35.004
9.322
-25.086
-58.321
-82.004
-103.921
-149.567
-214.778
-284.254
-357.627
-397.799
-455.536
-450.874
-423.693
-412.420
-407.838
-384.090
-328.425
-306.227
-283.495
-235.224
-172.757
-109.350
-48.070
-10.305
38.419
111.693
156.452
153.372
84.028
-2.511
-37.297
-48.784
-46.971
-19.857
-23.771
-50.568
-74.246
-69.615
-22.786
24.621
46.323
39.118
42.200
38.401
45.158
49.524
56.294
99.532
166.797
216.395
245.192
268.683
269.280
274.856
272.871
242.623
211.700
154.791
115.473
103.802
86.543
83.969
54.791
34.059
50.918
57.100
89.569
120.282
135.513
131.079
123.037
89.565
67.977
39.591
19.073
-10.874
-87.114
-152.335
-185.664
-219.774
-242.757
-225.319
-212.676
-222.278
-210.833
-205.276
-208.536
-218.750
-220.465
-234.307
-261.040
-274.286
-269.434
-264.677
-198.183
-79.382
-37.315
3.387
50.655
