-16.751
0.574
0.671
4.360
5.322
0.286
8.705
6.272
1.176
-3.089
-7.284
-7.837
-4.730
4.189
7.718
3.973
3.129
0.792
-0.915
-1.739
-8.579
-9.938
-5.058
-1.835
-3.285
-2.249
2.414
10.690
13.912
11.357
8.984
4.059
5.540
22.368
20.228
12.776
1.238
-16.121
-22.352
-22.896
-23.829
4.352
33.784
32.652
45.553
7.484
-2.022
-15.398
-10.670
10.963
-0.823
22.931
10.487
12.437
4.940
-35.376
-50.133
-60.860
-56.248
-31.794
-11.285
9.276
67.911
36.962
33.621
-36.603
-35.780
-27.834
-11.147
65.769
46.798
73.583
42.290
3.826
-96.370
-43.241
-54.460
-7.714
53.495
1.291
107.800
23.886
62.024
46.406
-63.256
-109.802
-54.247
-106.115
-69.169
-67.612
-8.067
98.201
112.244
94.828
80.300
79.196
-60.174
-73.040
-55.238
-100.022
170.871
70.260
-101.008
-241.169
-263.666
-173.079
-70.375
164.835
273.407
71.844
216.569
271.586
138.154
-157.454
-282.761
-7.519
-99.428
-84.374
-108.864
-108.737
-230.238
-151.037
-48.458
369.757
182.402
147.165
-242.666
-344.043
-120.431
81.775
442.716
723.196
657.574
53.331
-521.535
-1138.975
-1190.445
-718.234
-338.299
46.886
521.194
640.270
625.406
375.725
73.308
-38.615
51.633
329.914
600.541
358.045
10.911
-78.818
-361.354
-23.977
337.280
204.048
-153.069
-638.350
-499.365
-525.025
-140.777
262.609
313.611
14.049
78.066
141.707
613.018
472.517
526.216
515.466
598.061
60.038
-390.813
-419.556
-888.143
-457.297
144.379
178.039
258.307
353.027
-173.303
-311.593
-693.531
-1034.568
-991.009
-350.389
335.857
834.009
1627.550
1435.553
197.966
-574.207
-886.193
-720.054
4.314
-99.888
-236.449
-1079.368
-1417.215
-1410.840
192.518
1113.326
2143.625
1393.033
-338.600
-890.785
-750.728
620.766
1069.939
267.200
-134.173
-1106.167
-1541.746
-1808.765
-450.716
976.725
350.500
228.988
225.907
1280.223
2237.019
1194.320
-42.721
-1167.702
-1192.238
-784.047
-1000.429
-1034.277
-1132.591
-117.339
1112.648
1669.369
2677.201
1565.358
-214.390
176.108
597.357
-3.676
-642.553
-718.954
-676.947
-1226.501
-646.449
646.899
974.749
679.130
-377.754
-51.650
877.733
1748.975
1576.180
1076.128
-238.581
-1173.325
-1298.783
-1037.467
-335.720
229.136
122.236
175.888
285.305
12.586
724.042
1839.799
482.483
-201.131
-813.117
-1096.812
-1055.315
-940.843
-1633.365
-2140.299
-1679.956
41.924
564.456
630.965
438.916
213.531
-12.168
-358.402
-375.237
-64.253
-425.032
-905.966
-984.142
-809.981
331.679
958.752
1106.042
1354.123
471.301
-468.071
-1059.647
-1492.402
-1584.966
-1751.804
-371.436
-167.569
-12.479
1222.762
2006.499
2874.016
3413.934
2527.024
410.558
680.941
-491.168
-655.415
-845.339
-1590.282
-2317.303
-1428.490
-1685.569
-816.986
-708.678
-683.844
-507.712
207.568
1173.040
1606.536
2081.103
2609.689
3007.607
3291.060
2071.397
580.813
-19.991
-396.762
-664.840
-1694.679
-2369.288
-3460.465
-2637.985
-1110.108
-528.672
-463.268
-205.166
197.770
911.293
1829.585
2578.327
2599.557
2148.723
1108.754
-7.606
-483.708
-620.852
-1029.392
-1298.736
-1434.134
-1618.928
-1273.624
488.242
1126.806
1285.460
781.267
211.530
-236.812
-861.637
-1269.086
-1574.650
-1554.474
-1448.274
-1570.573
-1368.642
-397.932
117.039
480.209
556.926
568.482
372.445
535.379
136.683
-1006.449
196.319
11.860
197.823
455.744
283.291
178.061
501.338
744.616
696.046
834.485
821.145
838.006
542.747
334.966
844.516
1487.776
1484.170
1341.868
848.101
249.350
-237.233
-341.547
-445.766
-445.983
-799.865
-128.198
123.731
-384.173
-785.781
-81.589
-577.817
-1628.381
26.325
313.223
1066.349
1079.229
835.520
-432.312
-1073.933
-663.713
84.558
302.142
440.826
222.920
588.546
966.710
375.586
-542.137
-339.526
317.931
98.493
-473.426
-906.823
-1251.815
-1242.298
-1334.142
-1217.958
-1098.422
-851.091
-494.618
-378.338
-642.588
-1586.193
-446.271
-170.420
-137.754
-376.057
-383.581
-603.745
-983.485
-1247.403
-1309.913
-883.490
-423.748
441.535
881.809
1146.971
1287.899
1813.970
2339.280
2957.019
2977.973
3397.566
2983.530
1652.338
634.362
652.947
1038.559
398.523
-136.203
-822.783
-1178.170
-1111.859
-894.823
-853.459
-966.895
-964.723
-919.714
-828.305
-702.005
-754.207
-263.730
201.061
873.592
727.892
562.796
182.281
-199.958
-141.458
-438.025
-728.241
-853.293
-1154.638
-674.017
-282.340
120.744
276.119
49.984
-279.376
-338.095
-514.044
-550.436
-352.641
-479.856
-870.830
-1077.829
-746.863
-372.735
-536.262
-380.925
34.280
10.197
-534.447
-869.769
-785.261
-320.325
29.570
219.399
396.143
435.245
374.232
457.734
436.647
778.335
764.294
698.135
613.275
498.820
702.940
802.543
619.045
659.309
745.756
217.245
-515.917
219.649
336.652
300.101
678.658
784.394
1043.307
1157.742
482.633
206.486
357.049
305.567
319.241
233.335
74.873
-56.757
-120.529
-245.955
-416.375
-653.854
-912.844
-1072.052
-1383.008
-1241.103
-309.638
-84.340
57.644
255.360
362.851
375.764
263.475
48.984
44.686
-103.850
-115.022
-344.921
-1041.713
-1017.769
-984.214
-880.934
-703.917
-549.655
-572.094
-609.886
-603.773
-450.793
178.627
634.800
760.539
789.507
733.150
946.748
1142.742
1104.648
624.107
89.928
-18.268
-232.243
-480.157
-458.542
-38.898
-21.207
365.423
722.181
557.837
515.782
558.812
307.205
130.659
117.770
76.634
133.660
129.512
117.679
73.015
76.676
45.702
-16.102
13.250
6.450
-112.966
-208.949
-416.936
-602.760
-1088.998
-1084.387
-880.453
-894.545
-444.943
47.201
281.004
394.728
430.927
304.101
-209.661
-596.858
-586.838
-335.343
-178.847
72.040
156.768
172.326
216.898
346.147
271.454
216.209
164.684
93.720
89.860
232.430
332.309
547.109
215.926
601.477
1363.621
1218.128
721.875
245.496
41.705
-303.295
-216.428
-307.784
-553.823
-641.423
-857.935
-793.945
-524.354
-245.897
-280.507
-304.295
-220.681
-109.929
159.963
245.428
373.720
628.296
767.831
724.073
604.322
394.000
133.666
-35.924
-167.667
-186.784
56.726
264.866
545.163
603.865
486.025
486.949
387.283
190.427
-120.426
-508.697
-848.530
-905.988
-1255.705
-1989.380
-1771.555
-1199.785
-1166.193
-822.600
-442.272
-249.608
-43.716
182.262
355.250
464.041
527.581
446.638
261.204
215.385
337.185
416.744
471.432
462.491
721.023
931.631
1191.402
1617.709
1989.017
1830.339
1592.262
1094.853
179.353
-222.959
-430.123
-553.683
-655.116
-819.628
-819.741
-810.594
-860.419
-838.000
-953.870
-1177.229
-1196.561
-969.854
-493.957
129.943
477.695
351.326
183.618
17.005
-357.958
-608.641
-365.260
-35.416
209.789
240.745
259.576
281.755
346.927
425.177
489.341
450.465
340.629
304.874
198.739
192.481
288.575
307.044
322.652
352.533
316.469
198.379
81.815
-53.806
-118.396
-105.572
-16.335
149.026
344.387
355.376
257.474
174.234
66.909
-89.155
-235.329
-366.015
-423.320
-457.333
-588.119
-718.283
-751.201
-649.892
-417.719
-357.921
-290.029
-267.463
-227.224
-223.373
-327.157
-436.012
-410.199
-172.990
-253.937
-113.937
-113.813
-51.557
100.627
128.402
18.505
-36.322
-76.015
-43.411
22.096
86.132
174.714
136.846
26.183
20.019
24.554
82.376
150.774
272.146
355.339
446.494
451.438
442.411
384.009
232.389
-87.251
-171.381
-266.355
-296.686
-259.740
-156.834
-1.426
157.282
233.914
230.891
198.068
138.753
158.972
233.463
327.171
474.925
534.829
485.064
382.398
352.079
393.872
406.179
254.222
114.008
-3.503
30.600
91.855
121.816
128.105
123.323
101.076
-41.727
-200.571
-271.151
-383.311
-525.467
-647.508
-797.435
-806.971
-695.091
-588.577
-549.128
-579.468
-493.910
-311.995
-97.898
17.177
146.035
184.491
217.915
249.700
222.429
130.148
101.677
61.164
-6.146
-103.680
-197.695
-206.197
-272.830
-341.841
-132.467
-106.341
-54.343
-14.829
7.342
102.807
121.602
172.118
241.931
269.786
252.894
171.060
58.350
-56.300
-92.075
-41.272
73.652
112.077
145.892
164.053
190.916
181.613
141.370
99.332
21.959
-59.300
-147.034
-239.390
-329.185
-375.818
-320.614
-168.516
-0.504
143.519
281.198
316.329
275.974
198.460
105.360
30.500
-27.645
-31.735
-22.192
-5.429
79.696
66.707
135.230
169.221
196.665
229.753
224.891
245.175
276.785
298.575
212.430
80.841
-49.154
-167.476
-224.449
-242.293
-205.730
-116.211
-35.098
-53.712
-92.455
-117.640
-147.986
-169.293
-174.219
-167.466
-202.606
-296.938
-476.503
-602.177
-637.514
-537.869
-385.594
-282.124
-176.436
17.593
138.945
234.266
315.003
354.681
317.585
281.631
222.874
194.230
181.025
183.425
206.161
231.359
260.975
283.951
293.438
278.326
226.275
175.352
132.526
70.454
27.039
8.332
-4.969
-20.888
-9.953
43.108
86.689
75.366
41.084
31.602
10.747
-15.937
-44.231
-103.554
-173.419
-233.711
-306.355
-372.422
-357.276
-183.686
23.020
164.255
262.037
311.749
268.798
186.940
124.810
86.105
45.881
-13.180
-87.262
-158.187
-232.700
-313.598
-392.498
-365.699
-249.961
-117.832
16.949
95.852
127.802
90.368
40.182
51.729
32.321
18.648
-43.045
-75.865
-90.765
-84.878
-37.586
34.326
116.059
188.149
252.837
298.894
309.333
372.007
386.644
323.590
244.849
187.280
163.476
147.089
151.572
124.259
19.036
-38.362
-34.018
-83.697
-125.595
-188.943
-241.089
-294.529
-326.941
-380.350
-376.749
-341.216
-208.631
-102.254
10.624
31.776
20.939
-49.860
-205.954
-277.142
-252.599
-164.887
-69.061
4.835
76.199
157.726
195.490
185.922
178.933
159.653
156.430
170.331
169.776
194.428
199.727
175.662
138.908
107.891
77.649
70.385
82.158
107.016
142.303
183.485
186.157
134.044
66.335
-6.127
-65.867
-89.844
-121.515
-162.298
-160.031
-149.443
-144.319
-161.688
-192.871
-239.837
-299.125
-408.971
-484.996
-490.664
-385.327
-179.995
-45.327
-14.129
13.632
15.562
35.161
76.056
111.914
143.920
145.192
111.419
95.920
117.687
126.602
147.398
180.314
208.562
223.275
213.992
177.890
106.176
76.018
91.306
139.603
183.612
240.116
276.537
298.264
304.844
253.317
169.778
78.640
22.606
-39.865
-97.872
-131.790
-159.535
-199.154
-231.786
-246.910
-251.359
-250.153
-256.206
-263.008
-272.074
-266.010
-234.373
-123.082
6.386
65.958
90.150
88.452
66.159
42.711
40.853
51.039
60.046
64.741
74.055
84.648
118.426
150.621
170.326
172.468
160.260
109.629
25.719
-16.411
-34.693
-33.764
