67.552
-14.744
-16.792
-15.221
-12.572
-10.142
-9.991
-10.288
-8.472
-3.083
-1.762
-7.437
-12.934
-15.320
-15.458
-14.748
-14.110
-12.444
-10.975
-5.316
1.781
7.736
7.931
6.295
-1.579
-9.844
-9.791
-6.584
2.820
2.850
-8.441
-17.112
-9.030
12.726
20.018
13.985
4.496
2.574
-13.156
-22.304
-21.892
-12.726
-7.735
8.383
22.638
29.100
10.215
-2.435
-7.264
-5.880
20.492
12.149
2.363
-15.735
-0.801
1.475
-5.848
-6.610
-28.833
-22.948
-9.152
-4.715
21.921
24.735
-4.974
0.260
21.751
7.983
-18.840
-16.743
-15.947
-28.919
-41.714
-37.045
11.144
51.827
44.814
-27.506
-47.179
-11.310
15.925
4.997
-14.716
15.097
-4.322
-25.497
-28.064
-31.729
-12.691
-41.414
-20.556
-27.705
21.017
53.657
49.284
48.459
8.420
-66.546
-50.085
61.852
30.159
1.722
-48.202
-24.135
42.704
20.351
-17.933
-7.068
21.697
20.311
15.501
8.401
-36.392
-10.026
-114.607
-103.467
65.427
125.946
38.479
-23.939
-77.101
-37.568
26.246
65.677
50.061
57.874
53.447
18.683
-31.367
-0.419
87.400
39.543
-43.145
-114.977
-123.185
-80.856
50.701
142.273
58.119
-116.509
-114.724
-72.937
-67.656
40.104
97.125
194.297
183.033
0.231
-9.250
22.282
-88.799
20.663
105.143
69.685
-34.612
-100.929
-153.357
49.801
135.208
95.605
55.263
-72.621
-171.188
-175.886
-59.754
17.914
87.000
64.010
-80.213
6.439
22.554
-45.162
28.171
105.315
124.869
-25.835
-114.249
-43.187
95.523
147.199
167.619
172.729
67.815
-24.319
-102.699
-141.569
-43.017
19.069
-39.237
-139.171
-164.508
39.210
153.518
30.467
9.269
94.055
-26.306
-177.435
-52.151
129.680
264.788
128.822
21.476
-31.132
-61.769
-27.801
66.416
-92.450
-270.204
-130.711
98.352
138.104
-64.572
12.157
170.852
72.002
-34.748
25.135
86.988
20.731
158.493
174.969
-13.290
83.677
293.812
217.479
69.570
6.021
-10.588
-131.886
-217.583
-245.477
-107.671
85.751
-28.600
-270.112
-281.684
-79.976
150.115
160.718
209.177
250.694
191.487
63.485
-83.624
65.628
159.794
95.077
87.472
-75.688
-252.778
-100.031
80.690
-18.546
-168.712
23.711
47.598
-186.406
-278.588
-215.686
-122.333
125.377
291.922
166.350
39.914
13.412
-129.426
-453.952
-404.906
-54.301
334.623
378.698
140.054
182.008
14.023
75.549
117.955
-189.468
-142.061
-299.397
-544.031
-669.169
-957.995
-1056.645
-970.360
-740.684
-427.585
-196.568
207.390
736.425
1115.310
1325.663
1331.256
1210.909
1017.076
670.073
290.896
-51.443
-304.733
-367.313
-544.594
-749.080
-1167.177
-1487.846
-1653.302
-1531.225
-957.058
230.777
1519.640
1823.611
1828.151
1561.388
1156.152
832.709
700.282
693.293
614.297
339.940
6.146
-455.268
-1361.191
-1967.835
-1955.618
-1459.659
-896.848
-492.211
302.426
737.474
791.851
835.046
832.056
160.574
-766.698
-705.896
-124.992
148.597
551.483
1163.380
1619.232
1642.826
1130.223
351.560
-234.541
-372.070
-526.249
-1321.970
-2236.295
-2564.292
-2503.966
-2009.825
-1054.619
448.916
1535.335
1937.013
1790.168
708.388
-831.350
-1966.404
-2223.414
-1880.482
-1434.018
-838.336
166.373
1651.860
2804.078
2992.787
2522.090
1795.490
1008.398
-19.703
-1268.656
-1962.250
-1650.939
-693.970
-74.601
238.751
493.860
559.030
412.610
-160.955
-681.261
-478.513
208.701
830.448
1347.758
1489.313
625.390
-164.865
-433.223
-699.568
-1202.200
-1563.985
-1265.311
-824.120
-773.107
-183.721
756.907
1239.718
1528.319
1812.269
1785.974
1580.078
1239.628
868.953
790.082
863.416
627.345
-161.525
-481.470
272.480
1132.950
1529.582
1672.432
1767.238
1723.809
1500.291
995.671
21.154
-975.918
-1586.421
-1903.495
-1826.416
-1030.187
453.910
1391.397
1274.226
370.001
-272.316
-403.265
-244.740
-443.304
-986.090
-1429.229
-1805.670
-2006.113
-1223.546
16.270
909.746
1423.001
1393.308
781.002
-235.982
-1205.988
-2045.554
-2341.707
-2456.990
-2460.436
-2325.537
-1947.485
-1257.663
-505.178
-58.927
217.758
434.975
546.944
127.690
-695.604
-1027.253
-837.939
-798.151
-992.316
-1214.096
-1173.630
-717.904
-346.327
47.056
437.174
805.181
1301.280
1428.416
1238.126
1415.432
1614.590
1167.631
131.695
-936.009
-1504.082
-1718.962
-1787.194
-1792.348
-1504.808
-659.385
468.990
1642.913
2036.241
1982.294
1826.537
1788.640
1369.013
605.163
-487.294
-1521.471
-1680.657
-249.800
1108.841
1885.238
2290.313
2535.718
2901.863
2664.302
1350.996
-427.084
-1998.913
-2314.509
-820.393
886.882
1727.661
1776.849
1309.684
445.145
-717.624
-1630.669
-2131.654
-2060.271
-1687.447
-1169.877
-673.153
-510.233
-509.659
62.564
1096.922
1923.192
2140.301
1888.699
1459.859
314.407
-1490.126
-3131.176
-3726.131
-3244.044
-1893.786
596.263
2414.489
3261.068
2803.532
1239.621
-202.444
-1358.488
-2013.321
-2415.709
-2624.351
-2149.011
-875.370
977.182
2577.447
3249.434
2877.892
1876.525
1075.307
538.835
269.557
6.420
-383.001
-651.529
-544.574
-221.684
-46.477
284.420
891.299
1114.901
893.409
560.755
311.413
2.632
-347.240
-881.903
-1267.842
-1248.516
-323.580
741.469
1262.242
1164.527
812.691
439.024
244.998
-76.725
-597.813
-1037.265
-1275.110
-1502.793
-1458.389
-220.426
475.794
427.997
-242.147
-955.234
-1293.472
-1371.726
-1132.802
-650.885
-46.898
264.183
322.863
360.340
183.204
-348.725
-856.853
-1111.417
-1115.020
-1045.410
-893.603
-671.920
-529.458
-426.737
-58.197
292.981
479.391
318.338
-336.824
-922.253
-1201.760
-1272.488
-984.424
-324.559
403.275
904.865
1023.022
927.809
696.663
1.767
-685.846
-865.214
-704.341
-506.417
-285.003
-132.595
-247.351
-390.137
-425.872
-336.231
-143.954
126.711
517.345
903.257
1079.434
1044.520
824.934
453.048
259.609
217.408
318.628
449.112
307.464
4.571
-224.198
-343.090
-351.314
-204.450
75.178
205.904
120.308
-5.342
-42.534
-45.395
-61.029
-180.043
-332.527
-359.449
-161.918
197.047
445.423
530.671
403.215
247.863
256.580
264.611
279.416
419.482
564.665
672.919
703.175
600.669
399.420
201.690
65.338
75.124
144.557
211.158
212.117
61.338
-83.050
-67.062
20.099
138.791
104.767
-82.973
-175.984
-85.365
217.690
406.462
533.338
657.800
731.944
750.063
764.742
739.127
578.155
108.349
-272.848
-369.118
-62.098
455.940
749.796
852.294
825.461
743.191
617.683
404.100
246.353
214.884
199.336
103.630
-73.139
-284.245
-439.402
-511.663
-465.783
-264.424
-98.206
-115.687
-206.207
-250.467
-302.413
-339.766
-307.987
-189.125
47.869
276.668
394.548
382.245
357.273
399.382
381.431
276.193
123.557
-97.542
-317.762
-370.862
-248.296
-98.100
-54.448
64.973
341.315
530.230
453.077
116.636
-221.079
-366.674
-371.816
-329.238
-242.744
-111.325
-53.228
-64.142
-149.586
-311.319
-433.713
-407.685
-293.896
-212.840
-72.473
132.138
277.335
340.250
341.567
347.840
413.096
441.478
400.149
242.725
12.799
-179.664
-278.124
-310.713
-347.671
-433.698
-532.604
-631.464
-626.724
-486.856
-269.672
-167.064
-204.636
-223.003
-242.603
-260.405
-237.702
-123.888
58.777
247.608
300.836
200.266
95.188
92.714
97.651
-40.111
-265.393
-430.374
-481.968
-471.109
-438.719
-346.864
-281.774
-234.696
-158.310
-71.473
4.297
124.657
243.986
298.792
309.648
347.273
454.535
551.964
589.390
525.838
286.270
57.892
-12.758
-39.792
-147.585
-154.993
26.182
263.389
422.151
466.003
429.991
363.286
301.732
196.684
58.566
-85.113
-200.644
-312.287
-315.654
-160.417
42.733
114.170
73.081
-56.197
-223.864
-354.802
-420.359
-417.392
-318.190
-147.142
-89.862
-192.879
-337.757
-463.586
-550.165
-621.844
-651.940
-591.919
-518.373
-330.166
-41.414
238.403
449.981
502.939
343.130
164.826
19.260
-139.856
-273.374
-395.017
-459.853
-461.556
-458.347
-402.683
-243.348
-39.464
123.829
167.356
194.899
245.515
253.439
212.048
182.550
187.553
207.547
262.058
299.954
240.065
56.076
-139.159
-201.324
-121.026
-101.928
-164.615
-240.272
-228.381
-77.679
8.843
-55.078
-205.528
-283.022
-250.492
-145.009
-12.808
52.888
60.532
81.277
140.689
165.168
104.094
-63.018
-258.224
-405.232
-423.260
-279.408
-131.393
-138.615
-223.455
-279.101
-273.201
-256.068
-281.746
-315.652
-229.832
28.269
295.623
415.162
352.891
171.883
7.936
-69.361
-98.427
-119.595
-187.090
-247.048
-258.898
-150.250
49.148
183.066
260.523
302.733
318.746
246.869
124.633
15.989
-64.909
-86.879
-59.263
-23.364
-45.078
-79.846
-124.143
-143.513
-51.411
101.410
207.263
262.946
259.013
210.336
177.747
143.396
110.867
100.549
115.696
160.566
208.363
228.547
189.075
121.129
94.721
72.476
28.013
0.948
-15.881
27.934
144.060
242.112
288.595
335.179
381.121
405.084
394.542
375.203
364.464
373.841
377.490
349.718
213.812
26.114
-94.361
-98.792
-68.005
