30.401
-17.357
-17.721
-17.275
-16.825
-17.106
-17.583
-17.646
-17.194
-16.701
-16.798
-16.876
-17.444
-17.980
-17.998
-17.213
-16.444
-14.717
-14.168
-13.929
-14.345
-13.002
-11.378
-12.349
-15.080
-15.665
-16.496
-17.879
-15.752
-10.289
-4.894
-8.501
-16.402
-17.592
-4.063
-5.188
-7.940
-5.714
-5.912
-0.610
-5.083
-15.103
-14.851
-4.689
-6.349
-3.467
-8.438
-0.641
4.300
-13.448
-18.337
-4.645
3.743
-4.823
-30.885
-36.659
-2.572
4.189
-16.767
-7.325
6.788
5.352
-11.328
-28.588
-18.850
-11.056
1.631
9.536
16.615
21.153
17.162
-12.447
-33.757
-28.656
-6.675
-31.749
-36.461
43.919
51.041
14.334
-95.184
-62.950
21.279
36.156
0.339
14.429
37.422
5.388
-52.133
-82.831
-37.844
27.220
48.747
16.122
-24.277
49.444
105.838
61.167
-13.585
-73.068
-41.129
2.108
-8.252
31.324
-4.875
-37.365
-24.968
10.018
-19.778
-29.653
51.299
39.229
-0.070
43.382
118.917
132.995
17.698
-84.019
-17.911
46.226
22.581
-26.792
-69.831
-109.515
-61.585
0.987
24.337
12.307
-24.788
-88.584
-125.495
-48.561
57.972
111.632
78.800
48.386
78.637
119.741
139.199
16.155
-64.073
-44.897
-42.131
-43.150
23.558
58.751
115.089
110.695
-74.000
-185.027
-218.658
-179.255
66.250
129.198
-6.770
-54.090
-86.943
-163.526
-26.472
57.232
198.701
233.209
117.242
-45.266
2.675
41.789
85.419
179.708
126.004
63.091
70.486
63.482
-30.520
-146.249
-13.429
98.760
40.824
-97.038
-143.394
-123.671
-155.517
-23.150
-54.326
19.387
29.372
-16.218
31.057
170.684
196.127
114.292
29.177
-138.115
-40.820
130.599
75.721
78.946
100.124
99.791
154.698
-21.942
-231.100
-148.964
-25.394
113.180
157.875
103.070
177.060
244.144
200.103
-13.251
-84.591
68.973
148.621
16.986
0.526
52.643
-26.210
-122.404
-131.269
-94.643
-99.924
-111.507
-137.289
-21.562
-42.366
-127.511
-25.369
228.149
372.314
264.291
16.433
10.950
78.552
241.652
253.619
190.871
217.590
130.806
-65.114
-124.575
-67.363
-30.034
5.535
-9.784
11.739
82.114
110.852
118.672
145.741
226.003
118.917
-87.682
-357.021
-440.602
-179.592
65.355
35.644
203.625
379.293
203.784
178.423
310.355
293.047
279.465
194.883
126.473
34.394
40.688
-110.482
-402.397
-514.775
-200.921
65.532
96.527
200.069
58.468
99.143
337.134
490.841
582.975
694.953
586.396
172.105
-172.721
-208.774
-6.697
101.687
111.788
68.345
-39.659
-59.013
200.915
333.188
486.497
686.837
764.086
18.790
-1190.178
-1741.954
-1815.092
-1650.887
-1048.674
-212.695
536.828
788.909
511.475
381.802
49.956
-657.578
-858.113
-557.646
-60.115
239.870
409.536
743.718
1151.633
1162.658
352.174
-399.156
-598.093
-798.862
-1014.085
-540.669
72.265
184.771
102.981
851.746
1391.670
1331.288
1081.550
768.973
525.636
388.880
274.311
-97.632
-796.822
-923.292
-383.611
3.045
-199.883
-664.901
-976.772
-1232.627
-1328.424
-567.370
276.545
815.613
949.615
532.637
-521.397
-1406.815
-1900.591
-1902.968
-1418.376
12.074
1738.411
2450.287
1847.849
607.232
-266.659
-439.532
-558.510
-1025.573
-1513.382
-1158.059
7.538
677.023
920.139
1061.368
1150.288
1157.294
516.772
-922.346
-1911.121
-2221.804
-2158.813
-1997.659
-1175.547
-230.600
323.398
435.054
101.691
90.797
305.249
331.373
191.136
-2.182
-193.014
11.291
512.273
598.193
604.985
1198.702
1760.491
1658.926
111.015
-1075.798
-1633.891
-1875.653
-1649.648
-1288.641
-1202.747
-1287.761
-1340.669
-1165.919
-934.599
-722.305
-379.572
-280.691
-141.001
-1.024
111.801
23.084
-286.237
-434.083
-247.238
316.970
755.664
914.101
1067.857
773.019
166.414
-402.838
-1099.556
-1686.053
-1836.502
-1686.119
-1357.465
-995.525
-637.940
-342.696
-245.927
-173.688
285.606
1016.062
1567.736
1811.555
2108.157
2543.646
2531.099
2118.977
1582.504
1010.962
420.043
151.978
175.194
361.210
622.869
1069.141
1242.343
570.757
-546.634
-1366.682
-1680.577
-1788.184
-1432.802
-217.847
593.817
489.786
-36.809
-405.601
-431.520
-178.638
485.816
1176.993
1489.179
1372.034
1033.159
859.907
692.614
389.215
229.509
55.179
-151.469
21.352
358.893
206.449
-171.918
-414.556
-531.564
-744.211
-917.461
-846.674
-523.020
-26.987
170.330
-98.262
-423.844
-916.389
-1334.049
-920.597
-21.162
98.896
-166.470
-660.167
-1124.024
-1240.723
-1006.416
-62.902
1242.579
2440.076
2786.560
2409.729
867.931
-519.225
-1605.006
-1716.605
-550.429
569.886
1492.800
2157.507
2442.607
2408.296
2086.660
1995.344
1912.559
1513.003
996.118
278.513
-519.547
-1523.883
-2463.428
-3207.475
-3610.097
-3444.481
-2230.970
-464.424
1431.049
2705.553
3131.107
2825.680
1376.314
-233.671
-662.175
-711.147
-883.430
-1050.741
-711.963
49.273
268.223
108.307
-589.253
-1007.613
-932.768
-887.180
-703.425
-320.684
-303.470
-47.152
779.821
1576.245
2110.989
2313.651
1979.458
1317.451
805.661
279.861
-730.622
-1750.846
-2396.281
-2609.836
-2353.288
-1402.001
211.135
1723.640
2549.954
2771.825
2419.610
1575.609
698.327
33.522
-630.404
-967.210
-747.620
-434.275
-69.666
33.729
-202.190
-405.450
-379.984
-407.242
-358.481
-255.305
22.744
314.720
401.613
534.198
679.530
658.489
289.889
-72.471
-373.123
-806.629
-1047.826
-1030.628
-826.383
-750.000
-641.544
-374.757
278.851
715.407
679.210
358.677
30.214
-294.013
-523.950
-643.299
-429.044
152.507
562.022
739.370
582.152
107.000
-475.316
-963.751
-1165.566
-1159.491
-912.743
-436.118
379.924
1021.225
1328.053
1187.380
796.917
563.960
387.850
189.125
47.147
140.811
235.817
301.873
369.592
357.851
421.766
596.403
777.996
894.612
776.645
546.305
278.769
68.886
-51.746
-169.400
-351.503
-383.683
-495.924
-672.356
-733.943
-668.645
-546.986
-397.555
-332.436
-407.258
-532.437
-579.507
-558.452
-497.494
-393.611
-357.043
-289.913
-189.992
-148.577
-50.985
67.307
110.354
26.930
-99.078
-201.061
-259.610
-257.061
-227.218
-332.295
-504.685
-532.270
-345.495
-250.659
-209.783
-44.791
301.549
531.181
428.835
9.382
-267.237
-234.061
-142.240
10.882
235.327
324.970
242.953
-6.192
-246.350
-368.095
-420.595
-389.205
-266.089
-57.480
44.150
-102.934
-236.766
-259.006
-198.428
-157.898
-187.918
-279.879
-401.083
-481.977
-525.621
-556.667
-576.892
-591.949
-466.290
-286.096
-225.348
-241.303
-304.456
-367.455
-399.638
-364.626
-260.409
-75.028
146.613
279.651
260.687
162.384
121.536
92.762
156.280
209.892
189.869
96.759
58.289
111.923
190.619
250.422
270.039
237.146
214.056
167.337
28.397
1.255
157.829
224.449
189.835
145.533
151.106
211.486
215.629
116.289
-51.772
-148.403
12.254
268.024
366.058
411.146
446.044
418.606
382.918
281.930
119.446
7.917
-78.592
-80.536
-85.755
-128.955
-202.455
-275.756
-245.158
-228.344
-305.471
-348.065
-347.854
-310.282
-191.828
8.888
187.490
261.742
311.754
306.620
278.832
252.988
253.367
268.636
231.589
68.490
-212.700
-285.985
-163.097
10.837
78.614
46.062
-6.996
-77.393
-200.644
-304.157
-302.544
-142.405
-17.315
1.285
-12.783
-43.571
-61.582
28.024
129.714
185.557
156.714
165.677
231.627
236.497
254.842
360.103
439.529
444.274
330.178
124.304
10.703
39.699
72.286
42.131
37.983
111.060
135.746
99.081
7.819
-92.182
-162.693
-196.587
-234.860
-264.062
-225.258
-169.258
-161.811
-248.886
-376.192
-457.509
-442.602
-326.659
-248.862
-303.425
-375.639
-408.290
-412.887
-365.017
-169.542
97.134
224.174
117.288
-2.294
-23.504
46.438
161.099
187.697
117.617
-1.290
-38.904
1.972
72.104
124.848
125.999
143.795
211.543
236.129
189.646
110.241
57.751
37.300
75.348
192.911
359.504
522.373
603.606
543.519
320.912
103.078
33.009
56.615
64.176
64.653
-40.199
-149.562
-145.168
-33.209
98.083
246.906
392.415
431.467
341.965
245.675
215.670
223.409
244.228
217.903
118.750
-21.994
-165.250
-302.210
-285.881
-192.913
-165.793
-221.789
-221.847
-142.205
-49.498
-61.866
-68.022
-0.757
132.559
255.334
252.992
156.056
-47.740
-247.002
-324.101
-291.392
-260.043
-260.234
-259.485
-256.105
-179.476
-116.131
-161.054
-211.057
-188.576
-100.583
-5.151
120.778
271.055
348.052
313.507
203.820
91.025
54.232
46.018
-20.321
-59.884
-44.222
-61.696
-95.619
-76.348
67.279
230.644
259.329
220.714
188.797
149.347
150.721
203.894
229.223
194.668
124.297
65.472
44.176
33.262
-3.192
18.239
71.268
120.392
167.515
207.392
226.202
163.269
115.391
126.876
114.422
39.411
-35.804
-98.108
-125.191
-87.028
17.806
69.586
24.638
-41.296
-62.238
-56.857
-43.773
-26.236
41.759
104.750
147.671
103.632
-7.340
-72.640
-78.198
-60.501
-17.734
31.291
91.433
109.139
