-1.236
0.442
0.339
0.341
0.339
0.274
-0.047
-0.479
-0.762
-0.919
-0.997
-1.050
-1.121
-0.328
1.021
1.684
2.015
2.902
3.169
2.674
2.927
4.079
6.624
9.605
12.066
11.506
7.058
3.085
3.398
3.085
-2.585
-7.692
-10.528
-12.630
-13.063
-12.785
-12.194
-12.971
-17.802
-26.707
-30.795
-27.988
-26.268
-24.458
-14.539
-1.529
12.584
29.121
46.201
58.649
63.457
64.709
52.030
37.290
37.671
35.427
21.250
-0.874
-25.536
-39.762
-55.619
-83.910
-95.685
-75.333
-57.035
-33.838
-5.592
16.571
36.928
50.317
39.376
16.326
8.144
15.821
17.854
26.383
46.097
69.140
75.622
53.800
21.609
-6.582
-15.795
-9.566
-13.770
-20.131
4.958
15.001
-5.385
-16.244
-30.164
-60.623
-73.936
-88.140
-97.267
-75.264
-38.279
-22.756
-2.779
54.819
123.926
143.016
153.962
158.964
124.657
99.516
73.718
29.228
-2.594
-14.445
-21.074
-28.064
-33.975
-38.856
-50.449
-71.167
-75.032
-71.175
-70.822
-58.674
-36.506
-25.085
-3.632
32.522
44.688
34.104
42.009
48.766
43.396
36.056
26.637
27.584
26.198
11.109
-0.315
-1.892
-1.191
-2.176
-10.869
-31.034
-37.940
-32.994
-49.167
-80.306
-98.318
-105.752
-103.374
-90.467
-71.226
-35.289
-1.801
2.810
5.086
29.313
54.028
70.540
75.586
73.858
57.154
31.870
25.230
25.564
27.237
40.243
41.570
23.882
6.414
19.163
34.222
33.876
50.274
60.730
64.484
70.243
53.344
15.988
-16.040
-66.287
-120.093
-146.279
-172.762
-198.123
-198.941
-194.642
-182.583
-143.831
-90.697
-36.742
18.122
75.525
120.638
130.928
130.251
125.482
109.705
91.380
78.855
76.195
76.656
81.440
87.191
80.632
78.513
65.077
39.448
33.704
38.307
38.212
20.829
-12.871
-39.959
-64.999
-100.726
-126.745
-136.816
-149.971
-168.937
-172.937
-176.642
-184.742
-183.294
-156.737
-94.053
-14.756
72.395
170.860
243.409
283.670
326.200
336.638
319.752
294.041
251.944
185.523
97.734
6.089
-86.481
-122.705
-124.646
-131.796
-137.261
-141.999
-138.793
-112.971
-61.463
-1.863
34.500
55.311
45.501
12.532
-28.383
-72.742
-108.927
-116.540
-117.288
-113.701
-104.470
-92.100
-86.286
-77.852
-57.880
-45.510
-37.948
-36.034
-39.495
-35.172
-23.008
-15.555
-23.447
-53.103
-92.632
-140.760
-205.844
-273.564
-324.726
-351.304
-351.738
-328.812
-283.002
-235.629
-171.136
-107.366
-57.032
-8.205
51.461
136.991
223.628
305.261
381.827
443.033
480.167
486.316
469.707
424.301
362.504
296.996
246.287
214.462
174.904
114.029
55.110
-1.506
-57.554
-125.561
-200.445
-248.305
-254.796
-221.957
-174.587
-153.364
-174.234
-209.456
-189.632
-118.807
-60.136
-24.221
27.022
75.437
90.656
95.653
135.011
198.938
255.572
279.635
257.900
181.737
78.131
-1.726
-51.961
-129.466
-248.388
-376.504
-492.353
-581.995
-628.846
-625.347
-602.634
-579.092
-556.674
-521.905
-438.262
-312.699
-160.067
-21.495
104.362
228.105
324.467
415.058
486.521
551.854
613.082
674.240
741.705
809.304
863.073
896.068
897.732
877.603
846.513
801.988
764.547
717.901
651.776
572.343
472.466
359.929
249.435
135.786
6.549
-135.766
-287.169
-432.709
-554.093
-658.152
-762.768
-864.858
-957.782
-1022.939
-1049.629
-1051.093
-990.840
-847.069
-674.149
-529.892
-405.688
-296.782
-210.631
-145.401
-90.957
-53.563
-45.674
-56.389
-61.689
-47.523
-12.776
31.367
93.776
175.185
224.257
205.071
136.267
11.915
-90.735
-111.238
-85.868
-22.506
30.454
58.556
76.809
85.941
108.438
134.373
162.030
188.473
213.718
246.195
286.910
329.097
362.331
382.331
405.111
425.581
449.973
472.299
486.578
500.262
516.946
533.603
541.608
508.736
417.002
293.729
180.921
59.140
-77.937
-209.359
-335.989
-454.555
-561.397
-653.359
-714.183
-737.347
-719.423
-660.741
-597.231
-548.865
-496.302
-451.732
-407.318
-369.057
-333.519
-292.415
-238.549
-180.322
-130.221
-73.802
-15.870
53.199
125.149
169.294
194.061
195.892
182.671
177.984
179.298
184.727
182.137
172.141
151.903
125.713
114.852
116.461
111.945
100.326
100.567
126.614
167.959
207.797
226.993
219.884
208.692
207.384
225.066
258.531
297.811
348.141
392.553
431.344
459.626
467.566
434.723
302.565
172.471
90.499
18.945
-29.899
-63.095
-85.677
-105.536
-128.308
-147.354
-166.242
-193.711
-233.610
-305.283
-379.419
-447.112
-506.685
-539.610
-537.023
-493.445
-422.691
-367.929
-327.057
-289.556
-244.627
-189.185
-154.490
-127.936
-94.122
-43.717
24.311
109.827
209.205
306.908
392.217
453.881
486.176
496.092
471.882
413.912
338.333
274.006
211.628
154.477
107.019
51.327
6.381
-25.402
-57.749
-84.273
-108.351
-127.326
-133.738
-132.972
-131.012
-133.708
-132.464
-116.543
-78.591
-39.015
-4.051
26.732
45.913
52.381
55.655
52.264
39.074
27.560
18.702
12.016
-8.140
-31.942
-35.403
-16.630
24.951
58.714
74.610
79.819
75.955
64.982
42.027
10.332
-31.147
-73.839
-108.298
-134.258
-141.798
-132.382
-106.579
-55.897
-17.032
9.073
17.197
10.841
-3.595
-12.143
1.477
33.083
70.898
95.718
102.856
86.267
37.110
-7.717
-42.808
-73.952
-81.110
-60.489
-26.403
13.913
41.478
45.339
30.447
5.034
-11.185
-15.730
-11.712
-3.763
-7.672
-16.860
-38.908
-68.864
-103.307
-129.762
-140.598
-140.433
-123.162
-102.449
-76.866
-39.437
-5.442
32.747
78.824
117.182
157.773
189.464
215.939
237.654
252.710
264.884
260.500
235.091
200.123
170.650
146.102
122.863
105.921
88.440
61.641
33.928
8.104
-17.956
-54.394
-110.942
-170.629
-217.445
-246.954
-259.769
-268.622
-275.044
-283.063
-283.097
-288.679
-304.434
-314.949
-320.191
-316.928
-297.623
-257.070
-179.040
-107.511
-47.116
14.594
61.510
106.486
150.915
183.693
201.540
204.461
191.729
168.384
149.089
128.397
100.484
66.832
37.644
17.434
8.453
9.177
22.427
29.991
37.186
44.576
36.667
28.730
19.211
9.892
-0.849
-6.322
-4.196
-4.954
-13.755
-23.098
-24.725
-10.608
7.445
14.965
15.040
9.762
17.692
37.398
61.447
72.219
62.869
52.727
37.678
20.878
0.474
-23.692
-42.697
-55.794
-59.479
-60.711
-57.770
-60.013
-74.340
-89.782
-104.700
-120.963
-127.724
-126.078
-115.448
-93.307
-74.674
-63.766
-64.902
-62.114
-47.391
-21.533
6.253
30.559
48.778
61.331
72.460
86.988
92.220
91.065
92.287
99.326
112.391
130.835
142.514
146.385
142.672
140.160
131.725
108.030
77.211
47.649
27.849
20.179
22.559
18.774
10.331
-6.286
-19.838
-39.782
-67.451
-98.633
-121.668
-147.012
-162.863
-169.874
-166.049
-151.226
-127.705
-104.080
-83.639
-73.479
-76.623
-79.289
-70.339
-60.641
-50.674
-32.335
-8.910
9.312
11.830
-1.613
-21.790
-44.413
-67.574
-78.818
-79.299
-75.667
-76.091
-77.852
-73.022
-56.338
-34.164
-3.611
26.911
64.203
101.036
135.168
159.136
184.206
203.946
208.858
208.541
204.441
211.903
228.485
242.309
250.093
243.498
220.372
183.109
147.326
104.038
55.475
15.182
-20.612
-48.645
-73.337
-96.487
-121.851
-148.258
-175.878
-197.598
-215.749
-223.880
-214.710
-203.117
-196.154
-197.761
-204.749
-215.305
-228.376
-233.621
-229.639
-219.582
-207.009
-183.538
-157.476
-142.344
-124.205
-105.367
-87.222
-62.289
-39.108
-13.582
17.212
48.637
90.029
139.464
183.662
212.657
226.314
223.839
207.220
189.536
173.912
165.567
163.857
159.121
152.856
147.188
151.203
164.445
172.915
182.372
187.519
187.328
188.626
182.631
162.729
135.929
110.948
79.816
43.984
9.911
-21.478
-50.934
-76.048
-98.567
-117.372
-133.662
-146.751
-142.807
-138.516
-133.041
-132.819
-133.513
-121.366
-95.954
-61.199
-32.302
-16.888
-7.082
-4.162
-5.109
-6.490
-3.788
4.104
16.028
29.342
38.484
37.120
32.925
29.622
29.763
31.241
25.817
22.606
21.289
22.156
21.909
21.587
24.530
33.590
49.763
70.083
89.424
108.694
122.917
131.810
136.101
138.230
140.240
137.142
124.100
105.902
80.626
63.072
53.807
43.442
22.635
-2.826
-22.511
-42.499
-64.216
-88.486
-112.731
-135.497
-156.913
-170.852
-177.043
-175.891
-164.145
-141.949
-116.328
-89.474
-68.389
-51.172
-35.741
-21.958
-7.749
13.323
46.364
80.942
112.386
128.607
135.884
140.474
144.122
145.463
138.331
114.709
89.031
60.493
30.623
5.086
-22.270
-52.401
-82.060
-113.265
-134.264
-146.012
-150.336
-145.863
-141.155
-135.280
-123.145
-105.542
-83.240
-63.153
-44.594
-36.082
-23.668
-12.144
1.059
13.688
20.116
24.344
23.309
21.578
17.148
9.992
1.141
-5.762
-11.189
-12.150
-7.995
2.405
6.827
4.046
0.521
0.158
2.279
0.301
-5.088
-9.644
-14.210
-8.136
5.697
21.584
31.368
46.046
65.018
78.050
89.174
95.817
100.591
99.336
96.905
94.614
93.308
86.435
78.468
70.599
55.804
38.840
20.993
6.171
-5.879
-14.450
-28.886
-44.771
-57.512
-71.939
-85.785
-101.905
-113.737
-113.232
-113.525
-117.827
-124.807
-128.730
-122.382
-113.212
-104.417
-95.033
-89.411
-83.397
-67.099
-43.869
-19.308
1.264
18.882
29.134
37.927
42.820
43.969
40.340
28.634
16.467
11.942
4.726
-0.712
-9.067
-14.115
-12.698
-12.547
-8.005
-0.379
8.907
20.711
32.707
43.872
53.085
61.561
73.557
83.130
85.985
85.222
80.847
70.520
51.528
33.652
14.246
-8.237
-34.015
-58.573
-76.175
-85.088
-86.639
-84.491
-80.854
-79.350
-82.424
-88.106
-91.495
-81.235
-59.035
-37.935
-18.469
-0.836
12.945
27.793
41.629
47.010
49.180
43.388
41.351
46.791
53.981
58.623
57.396
58.233
52.243
49.027
43.077
33.694
20.881
2.220
