-5.931
1.825
1.884
2.024
2.265
2.521
2.850
3.487
4.495
5.171
4.940
4.915
6.200
7.749
7.605
5.074
3.976
5.905
7.582
4.069
-3.919
-7.885
-5.763
-3.306
-5.043
-7.626
-4.481
5.727
14.731
13.724
6.606
0.635
4.915
10.072
13.329
8.697
8.494
11.371
18.721
19.828
12.505
3.639
-6.967
-11.697
-13.712
-16.689
-21.919
-28.403
-38.467
-48.613
-50.837
-34.022
-17.527
-10.896
-4.851
8.796
26.629
40.165
59.050
67.286
80.749
100.090
116.226
118.768
106.151
70.570
37.685
11.558
-40.389
-73.041
-72.322
-61.007
-53.240
-76.184
-100.062
-105.465
-103.789
-105.874
-84.961
-41.488
-2.096
37.432
63.206
77.404
68.800
54.558
47.989
53.833
53.419
56.943
52.600
41.284
28.419
15.192
-3.397
-13.559
-16.388
-29.439
-30.720
-20.514
-25.689
-46.698
-80.727
-93.424
-94.886
-93.958
-67.653
-31.647
5.701
27.473
26.948
48.607
77.035
91.257
96.879
113.551
113.357
100.205
70.847
29.157
-10.909
-30.930
-51.891
-80.330
-105.184
-110.937
-92.835
-70.594
-49.414
-26.380
-7.941
23.788
71.463
102.064
113.645
99.731
95.083
84.057
56.970
29.828
34.487
52.564
47.628
17.618
-8.609
-19.763
-38.794
-68.116
-100.092
-106.174
-76.545
-38.641
-22.911
-24.736
-30.606
-50.755
-70.691
-78.463
-72.739
-56.657
-37.584
-22.415
-2.692
3.852
-5.359
-15.889
-33.862
-60.990
-92.731
-123.954
-141.084
-148.526
-162.575
-163.237
-133.784
-88.077
-32.659
25.248
117.783
212.076
276.595
304.419
330.301
360.339
385.567
379.754
345.135
271.022
183.154
122.666
89.491
83.531
94.563
115.566
136.796
141.948
122.222
72.354
4.474
-40.395
-70.604
-105.026
-162.253
-201.443
-213.090
-208.091
-226.951
-282.292
-340.843
-362.963
-368.645
-360.845
-345.945
-299.874
-224.036
-155.885
-112.254
-86.337
-73.858
-65.348
-51.358
-41.869
-40.283
-40.797
-36.472
-29.944
-19.021
-11.241
2.898
35.899
85.154
148.185
206.131
249.390
297.391
345.444
397.863
439.978
459.424
458.852
440.651
421.819
400.747
375.161
338.974
276.957
198.954
113.273
28.326
-54.559
-153.944
-275.147
-402.284
-496.557
-566.410
-631.471
-686.558
-736.174
-773.025
-798.286
-822.376
-832.651
-840.660
-846.853
-850.166
-848.083
-834.694
-781.263
-666.970
-518.298
-374.157
-230.084
-85.807
50.900
181.087
292.130
396.172
497.021
607.910
705.677
785.671
853.089
902.875
946.418
973.088
973.691
966.653
920.726
850.854
772.564
701.242
654.370
610.989
564.467
504.140
417.170
325.049
220.961
125.241
27.982
-79.707
-190.303
-296.491
-387.675
-440.544
-454.695
-430.830
-420.318
-430.167
-456.905
-487.768
-485.070
-458.707
-438.867
-440.410
-469.166
-518.843
-560.140
-592.708
-605.341
-608.401
-605.806
-600.344
-602.066
-615.066
-619.954
-580.672
-498.007
-397.544
-305.911
-212.943
-121.208
0.894
156.675
335.876
515.216
690.938
810.852
901.521
986.592
1078.812
1177.492
1241.591
1268.729
1268.551
1238.899
1200.947
1159.305
1112.203
1057.384
993.072
917.714
817.431
715.369
609.226
478.442
317.051
135.511
-60.165
-279.642
-494.245
-686.393
-855.586
-1003.696
-1100.742
-1148.001
-1149.577
-1121.216
-1077.136
-1027.703
-960.692
-879.452
-798.605
-695.545
-597.892
-508.905
-436.879
-390.464
-344.477
-284.700
-213.433
-118.275
-42.535
5.206
31.202
47.308
83.354
134.012
194.544
257.562
317.693
374.126
403.803
429.326
463.138
505.728
520.630
456.285
303.043
133.511
0.005
-65.050
-68.169
-18.489
62.915
131.369
176.503
212.779
244.472
254.145
231.830
191.818
129.885
53.398
-27.085
-93.861
-146.959
-188.719
-230.228
-283.683
-346.908
-414.914
-483.647
-550.097
-600.561
-638.386
-658.530
-665.966
-652.196
-606.083
-499.851
-365.703
-253.630
-161.205
-76.465
-14.461
28.686
48.351
60.651
71.270
84.131
112.055
150.248
198.429
257.165
329.634
414.394
490.184
553.184
584.899
590.071
577.428
561.345
554.518
545.486
496.754
414.506
332.845
252.732
171.813
91.406
6.705
-85.354
-191.853
-306.336
-418.161
-509.104
-562.775
-547.001
-426.710
-291.982
-190.166
-94.756
-12.483
52.076
77.963
68.515
36.512
1.980
-14.638
-4.153
26.613
37.182
26.946
20.667
16.695
-0.601
-33.752
-80.455
-117.202
-112.582
-44.720
22.697
58.062
81.779
106.071
121.272
118.770
88.553
46.256
1.298
-37.756
-69.210
-72.192
-52.452
-21.508
19.373
66.616
119.654
172.082
205.453
231.726
238.864
240.116
227.161
183.957
131.546
104.572
99.929
114.818
128.394
122.542
84.394
39.171
-4.498
-32.869
-55.368
-74.069
-74.336
-41.877
33.141
117.323
185.633
240.423
254.677
210.121
134.016
55.348
-15.792
-86.347
-138.573
-168.637
-179.451
-180.497
-186.515
-208.029
-236.486
-265.257
-288.761
-298.186
-297.073
-295.731
-294.584
-246.428
-160.110
-76.126
-17.736
26.287
50.891
71.807
77.480
84.695
84.390
80.830
78.441
87.281
109.424
146.518
189.966
244.098
289.922
320.696
330.471
315.188
292.882
260.967
211.780
155.428
97.648
31.967
-41.396
-97.253
-140.204
-172.602
-197.352
-213.169
-201.039
-189.582
-188.694
-198.261
-213.364
-219.793
-203.739
-150.519
-77.106
-12.346
47.551
87.294
106.425
114.451
109.942
93.352
46.719
-16.915
-69.337
-103.879
-121.185
-120.184
-100.866
-95.419
-112.907
-125.556
-133.174
-126.391
-117.880
-100.776
-61.519
2.551
74.140
143.526
203.586
251.407
279.741
293.117
286.008
260.926
230.650
190.990
155.663
116.317
94.798
99.544
125.756
158.087
171.749
158.507
121.825
74.648
32.407
-3.170
-28.896
-36.368
-37.806
-40.342
-38.167
-34.175
-29.270
-39.799
-70.530
-100.514
-133.345
-163.287
-192.452
-204.129
-199.477
-182.822
-161.674
-148.415
-137.265
-128.241
-126.267
-130.493
-149.211
-167.378
-177.661
-175.342
-166.495
-152.520
-133.635
-104.151
-63.522
-8.827
29.906
48.755
54.774
49.719
39.088
24.480
20.223
27.237
50.012
81.462
107.482
123.959
123.602
116.862
100.997
80.506
70.488
70.272
70.180
72.441
93.034
114.541
130.479
130.342
96.542
56.790
23.893
-2.812
-16.536
-28.906
-52.547
-66.066
-77.060
-89.592
-105.490
-123.527
-138.139
-153.205
-156.506
-154.394
-159.483
-169.716
-175.493
-165.818
-140.570
-118.933
-116.147
-121.002
-127.821
-132.921
-133.294
-135.627
-137.373
-128.372
-115.046
-94.567
-67.874
-47.941
-35.882
-21.776
-2.351
18.345
44.213
70.026
105.560
151.760
196.218
231.994
252.947
256.600
241.852
233.969
227.216
214.357
184.794
136.680
89.984
60.774
33.834
12.156
-14.393
-32.707
-45.918
-57.495
-72.651
-92.971
-104.524
-113.730
-125.043
-131.061
-135.117
-138.182
-148.555
-160.818
-172.309
-175.321
-168.049
-155.718
-134.546
-101.155
-75.941
-54.973
-34.362
-22.677
-26.776
-38.460
-35.550
-22.970
-5.418
21.157
47.865
83.506
108.059
123.802
126.825
122.569
126.841
136.097
149.495
166.355
181.393
189.455
186.291
179.342
173.679
168.069
151.514
120.424
84.142
47.877
12.514
-13.532
-39.101
-67.737
-97.725
-127.347
-153.996
-170.291
-173.975
-163.684
-155.979
-150.744
-133.001
-106.209
-73.108
-41.605
-14.610
1.170
14.995
23.928
28.900
38.514
43.321
42.011
27.582
8.401
3.335
8.600
17.833
26.325
31.463
23.803
-2.146
-20.063
-27.038
-21.448
-5.746
21.975
57.137
94.391
124.323
138.544
147.496
151.851
151.738
150.576
142.485
125.713
109.099
104.288
101.010
99.226
82.985
56.207
26.405
5.296
-8.432
-26.508
-46.745
-69.305
-92.631
-108.150
-107.761
-97.041
-80.899
-75.287
-81.646
-94.430
-110.390
-123.774
-134.315
-136.851
-129.165
-116.108
-99.648
-82.840
-55.411
-24.070
7.193
31.201
42.617
43.992
39.253
28.622
24.088
29.324
47.962
65.011
74.484
71.893
58.059
36.417
15.560
-2.323
-15.744
-19.503
-12.641
4.956
27.100
49.927
64.602
78.598
86.567
90.656
91.654
86.169
83.789
85.090
87.104
89.690
80.098
64.802
49.755
44.052
42.413
45.007
45.374
37.436
25.662
12.533
0.612
-6.378
-10.834
-16.314
-27.879
-37.629
-45.526
-52.499
-58.560
-67.537
-80.117
-88.337
-91.719
-82.933
-67.374
-54.391
-43.250
-37.439
-40.562
-46.419
-52.779
-56.872
-53.841
-45.178
-34.941
-26.480
-19.138
-10.758
-0.874
5.691
4.141
4.613
9.265
18.737
33.513
48.501
63.462
64.986
63.581
67.350
70.935
70.245
58.252
37.646
17.251
4.534
10.290
22.551
30.685
35.375
32.782
29.229
29.201
33.020
31.482
21.139
13.666
2.052
-5.604
-2.835
6.563
9.258
-3.627
-25.989
-35.458
-34.341
-32.700
-34.693
-40.617
-45.447
-42.806
-31.671
-16.162
0.956
14.651
25.836
33.777
39.567
39.499
37.693
28.502
29.249
27.440
21.686
9.839
-6.072
-18.808
-29.136
-33.838
-34.809
-33.714
-29.508
-21.328
-8.958
11.889
33.635
51.898
60.912
61.261
53.590
40.009
21.602
3.490
-11.470
-19.519
-20.712
-15.111
-12.113
-6.473
3.210
7.767
8.892
1.777
-11.024
-22.946
-31.667
-35.172
-33.201
-35.385
-48.773
-71.531
-95.433
-117.687
-133.750
-140.722
-138.266
-133.390
-132.097
-130.155
-125.480
-120.201
-105.330
-89.543
-71.690
-54.584
-40.757
-21.850
-6.093
6.759
23.130
36.275
55.542
69.682
76.737
76.952
73.614
70.759
70.857
70.733
73.742
79.527
84.442
84.839
74.102
49.539
12.213
-7.246
-21.660
-28.638
-33.087
-33.146
-30.698
-25.534
-25.786
-25.006
-28.075
-34.004
-40.542
-49.259
-57.990
-61.152
-57.223
-51.473
-43.743
-43.845
-56.517
-75.539
-92.332
-105.916
-115.008
-116.597
-100.064
-69.257
-30.244
15.585
56.848
88.402
109.419
117.588
128.450
137.296
140.972
145.199
154.057
164.207
