-17.666
16.748
16.893
16.420
16.130
15.672
14.901
14.484
14.498
14.234
13.745
13.361
12.811
11.895
11.026
11.058
14.029
16.799
9.283
8.481
9.160
9.186
9.409
10.249
7.385
9.654
14.973
24.140
14.033
-7.318
0.476
14.425
10.254
-0.714
-2.143
6.318
16.517
22.621
1.787
-6.055
0.783
10.528
21.653
27.686
-25.658
-15.107
23.771
69.481
9.635
-32.220
-16.765
43.898
102.602
-3.633
-16.243
-24.590
-2.182
18.867
-13.458
-32.143
5.151
57.385
74.840
-1.632
17.900
-33.308
-14.785
89.872
-34.693
65.082
-62.326
15.687
71.796
-150.438
38.084
94.260
-28.694
-19.746
75.659
-11.457
-40.090
20.811
116.546
-80.587
32.844
-18.457
19.364
-45.879
-4.148
109.360
-65.554
1.728
69.893
3.831
-55.273
-59.394
42.516
88.031
-194.832
-6.122
55.848
20.622
-18.008
96.159
30.791
5.064
122.044
17.710
-6.772
-48.499
-27.709
64.390
6.684
-139.730
-59.615
23.578
-35.818
-45.222
0.242
-16.108
-260.556
-363.172
-309.102
-379.185
-358.823
-40.334
603.059
799.572
928.221
732.855
283.044
-429.871
-1157.206
-1491.989
-1253.459
-958.309
-810.764
398.281
1440.447
1574.818
1709.367
1704.433
1801.881
1419.104
1058.859
-554.322
-1696.892
-1896.664
63.062
-66.176
-1419.206
-2011.300
-1523.707
-1047.372
-474.130
156.881
349.245
-107.652
94.222
87.667
208.062
621.301
970.467
-382.416
-1325.346
-1618.344
-1619.126
-802.248
-273.648
-902.822
428.766
1408.693
2227.016
2667.398
2824.073
2894.538
1856.634
1162.468
784.378
375.509
-352.842
-20.393
360.774
488.086
244.214
-1015.564
-1060.115
-1142.188
-315.596
-541.292
-457.801
-555.276
-1013.723
-868.524
-987.247
507.623
347.846
-963.764
-1050.719
197.813
460.633
-421.922
-1145.835
-1184.569
-915.233
-9.318
1133.483
941.825
346.597
-1181.090
-1507.582
1423.543
1841.973
2557.344
1057.615
-1541.606
-838.533
1553.990
1506.432
600.221
40.318
-436.665
-975.530
-1475.845
-1509.982
695.975
227.900
-1006.625
-1629.410
-1733.508
1075.257
2029.729
2504.962
811.672
-1222.517
-1243.732
-563.576
271.384
164.609
-774.499
-1662.283
-2088.497
-2104.368
-1778.011
-1285.776
-543.592
-386.554
-662.099
-543.022
-218.291
233.472
738.570
728.500
-794.511
-1148.025
-807.615
-309.407
-372.193
-596.455
-972.945
-1082.705
-491.066
267.706
454.925
809.967
1252.557
1659.318
657.705
31.381
-894.252
-2703.815
573.665
1493.337
2542.215
3016.699
-90.295
-61.702
-54.977
1045.779
1828.768
665.498
1002.273
949.884
1176.892
1185.547
1572.505
949.728
-178.813
-1089.510
-2453.438
-4079.086
-3191.145
-837.536
967.300
-600.693
-748.658
-1242.707
-1053.187
0.452
330.863
829.611
1749.439
2219.138
2466.522
2639.340
2641.715
2665.145
2517.361
2187.980
1694.315
1049.855
629.109
98.688
-755.416
-59.742
-36.638
-482.057
-840.752
-983.037
-90.295
-298.494
-602.759
-1079.053
-974.161
-996.898
-1151.012
-1639.842
-1307.654
-1185.191
-1043.815
-946.927
-662.145
-305.981
30.587
331.047
800.069
815.371
-643.378
-1665.611
-1927.885
-1713.714
-893.566
-206.398
-50.529
2777.553
3109.713
3372.522
2025.895
128.674
734.750
415.613
412.197
230.841
-225.132
-1498.616
-1916.392
-1435.705
-1356.908
-972.731
-567.824
-276.606
92.338
412.749
1407.075
1788.403
1906.976
1753.790
1411.369
704.212
132.826
-129.290
-347.952
-1078.748
-2065.277
-2196.476
-2783.886
-3104.178
-3522.271
-3034.591
-1279.870
-792.161
-300.738
6.675
255.359
595.580
1023.406
1658.377
2300.632
3069.685
3933.757
4764.816
4707.902
4508.383
2636.915
1172.359
483.764
565.142
351.189
51.094
102.448
-751.466
-2078.836
-2410.315
-1742.795
-806.944
-474.967
-757.023
-909.047
-644.840
-639.612
-863.485
-919.451
-661.330
-945.654
-827.083
-936.597
-879.284
-694.868
-523.542
-469.655
-387.391
-171.102
19.235
239.059
523.798
771.013
531.591
613.020
649.836
695.664
638.178
499.916
290.918
110.847
-42.708
-174.524
-201.823
-288.382
-413.093
-305.044
-30.858
41.186
-201.368
-441.537
-456.931
-492.599
-389.192
-702.977
-874.303
-1021.836
-1169.879
-1363.369
-1477.611
-1036.756
-625.990
-490.897
335.293
1133.404
1695.432
3387.512
3936.609
4823.049
2919.732
1881.917
673.262
174.711
-49.842
-92.209
-92.692
-611.657
-963.029
-1123.404
-1711.983
-2447.458
-3310.966
-3803.808
-3253.792
-2014.947
-1215.005
-1054.169
-975.730
-626.970
12.719
697.507
2075.673
2190.200
1969.945
1831.699
340.725
2261.367
1599.926
958.406
835.359
501.764
435.556
180.158
136.102
221.215
98.413
76.913
76.032
4.355
156.617
45.931
-323.835
-447.262
-567.667
-1380.092
-1850.180
-1296.630
-658.646
-231.968
0.915
-113.895
-58.641
-323.243
-275.168
585.288
-216.700
-123.592
-330.000
63.490
-170.354
280.342
87.580
235.340
241.511
167.785
164.484
130.217
250.637
280.943
-57.102
-197.906
0.425
-171.364
-97.874
-60.639
51.065
27.678
-29.517
-116.523
-188.396
-209.818
-210.871
-208.797
-135.832
-92.906
-40.170
71.859
-4.526
-143.718
-327.483
-340.103
-323.483
-232.761
-81.288
40.146
387.978
502.246
179.010
195.658
141.300
215.709
244.112
297.249
135.786
162.934
33.783
84.618
79.438
25.953
-78.963
-246.707
-561.274
-772.624
-582.820
-463.660
-56.362
-302.122
-235.407
-155.884
-196.573
-200.186
-200.982
-208.374
-164.616
-130.274
-137.861
-207.161
-280.267
-268.330
-232.793
-128.731
-59.612
-11.398
52.412
65.137
84.844
100.005
135.921
221.669
442.231
733.094
2424.767
1405.255
1058.013
742.258
139.553
-38.454
73.275
-6.420
32.727
-125.571
-52.198
-123.644
-217.629
-325.050
-361.806
-1951.844
1509.295
-1596.458
-599.562
-559.863
-495.893
-42.047
-97.996
-169.232
-223.779
-223.202
1.444
124.485
127.058
305.978
227.981
147.731
486.680
895.386
1719.635
1396.196
830.422
904.830
51.420
-410.637
-226.842
-435.041
-278.837
-336.089
-358.209
-463.120
-457.376
-451.824
-458.526
-393.733
-330.448
-271.574
-214.232
-113.022
36.137
283.820
649.984
626.252
209.363
128.222
148.943
258.256
310.958
331.059
187.736
128.541
104.752
154.994
191.659
100.120
26.465
-32.301
-125.714
-168.581
-147.115
-122.778
-80.779
35.629
82.885
102.101
83.292
22.112
-65.458
-254.361
-355.908
-489.838
-636.715
-593.545
-592.156
-376.259
-136.824
112.327
288.121
183.165
203.401
253.371
184.112
227.057
217.122
252.007
266.790
336.029
273.195
302.791
254.558
239.150
132.912
85.239
32.400
-28.401
-49.527
-47.916
-44.297
53.816
74.886
51.068
-51.786
-54.174
-147.845
-154.950
-206.792
-210.204
-192.864
-176.437
-166.625
-151.153
-97.006
50.143
84.174
25.387
-134.992
-169.966
-333.872
-289.755
-210.438
-160.647
-131.266
-98.297
-94.362
-76.401
-74.657
-58.551
-44.287
-33.119
-38.384
-8.145
-19.466
-11.328
-37.774
-159.747
-216.834
-267.779
-273.559
-136.114
-35.252
204.015
468.263
816.031
964.453
873.508
545.967
344.090
80.854
77.669
49.184
79.932
92.290
76.995
34.398
-10.799
10.801
30.865
93.656
258.089
433.875
171.268
-114.232
-242.526
-349.780
-348.064
-410.928
-533.048
-912.699
-1468.369
-576.165
-517.538
243.204
220.728
189.467
145.347
-140.186
-200.563
-267.323
-243.887
-215.397
-174.879
-146.600
-123.292
-45.418
-3.957
-50.770
-71.570
-59.488
-69.549
-64.729
-11.791
27.767
101.183
171.473
175.443
218.048
175.428
175.675
177.814
116.176
27.355
-25.827
-72.679
-67.798
53.089
166.947
325.691
434.602
477.603
535.180
415.026
299.709
180.382
79.288
20.969
19.506
9.791
35.155
102.252
110.681
149.819
139.657
138.113
136.748
147.260
120.722
64.591
4.542
-88.484
-179.246
-269.528
-319.887
-327.661
-322.304
-218.327
-142.498
-135.962
-67.510
-60.293
76.851
187.976
222.070
92.425
-1.066
-116.997
-149.632
-200.536
-231.974
-299.331
-372.835
-395.236
-356.341
-194.151
-27.735
115.541
214.058
231.767
193.605
108.326
-33.158
-133.300
-284.400
-395.591
-439.698
-423.566
-441.686
-363.366
-249.222
-17.707
176.501
