10.102
-40.452
-40.869
-40.569
-40.199
-40.259
-39.787
-39.378
-39.174
-38.693
-37.970
-37.482
-37.794
-38.299
-38.367
-37.741
-36.585
-35.083
-33.954
-32.450
-29.995
-27.300
-25.977
-37.536
-43.890
-34.122
-23.100
-25.659
-25.056
-22.506
-17.633
-14.913
-15.497
-15.658
-14.145
2.499
25.878
15.677
-30.054
-58.019
-22.968
-7.939
-2.397
1.544
2.383
7.012
13.450
14.228
-42.848
-56.021
-44.355
-12.022
-23.792
-31.095
-7.407
-9.608
-102.005
86.830
-30.942
-116.052
14.606
29.626
29.991
28.994
-1.123
-12.125
35.782
-20.905
-124.361
-0.793
127.480
16.027
-46.446
-81.739
7.517
58.919
22.554
-11.445
-25.743
-18.075
-33.325
222.038
19.764
-249.694
134.686
68.638
-10.395
-37.941
-22.671
-0.446
6.707
26.783
48.114
84.238
101.777
-17.806
-95.587
26.883
161.619
-80.982
-53.986
-218.545
-26.416
403.561
-19.277
57.104
83.532
-225.734
-56.611
254.621
130.616
-58.384
215.851
371.466
319.827
294.858
281.200
273.925
270.257
298.225
-84.458
-408.035
-69.522
434.136
872.810
659.355
-157.025
7.243
308.137
635.647
960.474
865.096
426.591
-1058.841
-1857.895
-1535.469
-1362.950
-2117.266
-2242.737
-321.973
-424.989
-345.459
3.382
681.360
826.408
2071.081
2747.925
3229.649
3176.256
2302.568
1070.734
1109.771
1277.904
1208.026
825.080
522.885
175.788
-932.910
-1546.329
-1027.807
-541.956
-142.298
-772.381
-1058.707
-905.762
-1659.005
-2486.106
-2953.324
-3296.735
-3240.479
-2258.312
-2069.443
-1577.011
-1065.288
-364.006
938.835
1575.553
2086.670
2636.390
-612.954
-512.265
508.785
1298.885
1707.974
1706.082
1117.914
320.723
316.413
548.374
78.970
-548.713
-931.115
-95.834
192.906
206.532
302.504
544.569
699.200
785.522
-37.650
-1143.813
-1991.213
-2395.518
-923.914
660.129
1248.323
1228.488
329.338
-693.530
327.422
1205.635
1613.077
1487.045
1075.543
4.359
-902.860
-1077.504
-935.049
453.345
406.416
-407.091
-260.824
117.370
704.631
918.274
431.076
-687.349
-1915.231
-1526.452
-1029.567
-449.768
210.565
520.218
205.210
-196.540
-330.003
-262.302
-211.975
-1238.313
-1214.732
-861.440
-169.007
-651.692
-1347.539
-796.200
-1464.751
1105.958
1150.421
2068.913
1846.345
981.793
-156.303
-103.949
485.998
1402.067
1851.618
1792.105
1625.583
1443.579
708.714
-1623.376
-2849.764
-3490.865
-2011.484
965.588
3695.967
3837.028
1235.616
-2510.874
-4003.822
-4956.599
-4624.876
-3512.841
-113.386
1088.501
1884.756
3359.506
3199.811
3627.497
3373.862
-681.578
-1016.147
-1564.949
-1461.705
1187.583
2751.646
1379.566
-1273.167
-2022.176
-1982.569
-1399.620
-615.334
-1558.513
-1549.369
-1535.108
-2351.428
-1957.996
-1689.821
-695.174
69.579
773.968
1578.054
2364.198
2556.184
2948.660
3400.449
2610.896
-86.509
-276.951
-1306.472
-2172.218
-1888.767
132.653
983.374
1892.425
1530.380
519.772
-320.231
-582.051
-178.086
966.570
1269.285
1511.549
2310.229
1608.936
658.348
-266.865
-1159.291
-2666.557
-4180.258
-4471.333
-4786.452
-3668.387
-2043.657
-345.011
330.746
667.155
2591.198
5876.691
5852.148
6190.095
5404.421
649.150
183.702
9.632
-281.176
-1203.243
-2827.331
-3952.990
-3969.478
-4240.512
-2827.786
-1344.235
-786.717
-435.129
-515.197
-651.599
-986.304
-1255.937
-1283.554
-1128.596
-706.534
-185.493
66.826
177.893
971.897
2853.455
4862.438
5080.835
4730.934
4390.580
3966.206
2073.525
1296.102
773.148
591.052
500.830
452.760
453.278
516.009
362.991
-138.996
-1344.232
-3258.310
-4011.300
-3775.866
-3032.235
-607.180
-46.830
430.705
119.308
366.339
606.884
856.460
2037.943
2615.627
1129.507
1061.639
492.056
130.789
-268.991
-692.259
-1059.304
-1355.661
-1084.961
-794.472
-560.471
-54.932
-161.719
-450.899
-615.392
-792.000
-1023.322
-1144.806
-1142.476
-1092.164
-1006.331
-922.429
-852.364
-587.228
-387.827
-171.340
37.299
265.920
546.846
621.860
416.010
252.837
119.552
48.234
71.501
207.846
389.845
576.640
765.341
943.579
1090.558
765.499
407.569
149.875
211.060
70.494
-28.821
-26.621
15.448
238.903
588.749
616.252
599.970
681.158
860.940
1006.157
1015.854
896.095
-903.264
-2349.239
-2474.563
-1983.939
-1522.009
-1086.941
-839.474
-601.674
-680.437
-527.579
-254.426
-97.249
174.614
466.112
1348.950
1836.007
1891.146
1328.982
668.985
356.453
152.063
221.127
436.000
1037.337
1811.333
781.903
296.002
-100.496
-879.214
-1282.553
-1208.079
-1282.886
-1498.208
-1246.803
-1246.013
-634.603
-555.552
-599.430
-353.675
-266.526
-72.978
358.223
454.335
467.668
566.810
115.990
360.328
540.864
723.281
1120.253
766.373
535.620
483.904
380.171
412.266
295.230
-213.400
-754.651
-1184.640
-1365.469
-1695.404
-1283.855
-742.276
-678.198
-556.093
-406.652
-520.646
-312.975
-263.918
-264.821
-139.568
-180.975
-238.895
-177.345
-140.657
-271.057
-144.066
-32.981
-27.445
162.134
198.679
191.008
329.732
419.848
446.850
520.369
451.144
434.450
281.754
259.330
62.437
168.777
-99.045
-89.921
-129.583
-387.482
-489.365
-527.522
-667.347
-567.750
-590.910
-399.920
-567.948
-407.758
-295.118
-393.887
-286.127
-251.004
-241.756
-194.667
-92.829
-29.070
74.334
304.225
603.371
622.012
562.192
533.092
783.245
744.180
999.697
1044.869
930.773
749.787
538.377
416.274
299.033
242.146
107.715
131.667
126.562
130.789
138.578
72.939
16.378
45.810
32.024
42.130
42.101
29.659
88.525
-13.304
-240.010
-695.779
-1468.861
-1654.328
-1682.219
-1873.139
-1478.871
-952.695
-715.196
-595.841
-462.879
-391.685
-377.897
-269.550
-221.875
-1.755
843.605
3844.451
1835.359
2142.579
2697.147
2669.553
1704.608
1071.094
862.081
435.603
390.807
380.728
188.433
179.775
136.886
-123.466
-189.431
-234.845
-667.269
-1518.594
-2216.964
-2458.387
-2403.165
-2288.961
-1713.496
-1152.080
-820.435
-700.053
-621.685
-539.311
-547.406
-463.113
-321.553
-287.465
-144.266
1.831
97.864
187.249
354.007
514.177
701.104
1097.602
1319.209
999.838
827.650
733.723
815.336
808.124
819.536
737.811
732.017
722.245
644.560
630.909
502.883
290.643
202.799
57.730
98.938
6.456
34.840
104.339
65.032
49.856
-3.877
-75.786
-39.507
-110.871
-137.637
-97.480
-154.048
-61.833
-20.037
-94.792
25.588
66.152
48.920
154.960
249.968
106.026
145.361
106.978
81.078
69.463
47.844
30.520
39.117
-11.930
0.736
-48.648
-116.379
-167.918
-257.665
-352.910
-395.352
-373.134
-425.580
-436.332
-483.119
-531.096
-556.941
-479.510
-392.049
-374.454
-297.505
-246.293
-215.157
-157.025
-131.770
12.233
286.039
881.507
1400.204
837.365
456.507
390.960
342.988
313.344
256.333
259.991
167.230
142.698
75.754
116.436
97.294
108.765
145.674
111.545
-30.272
-36.594
-139.549
-246.326
-231.985
-354.445
-462.108
-409.274
-488.071
-500.020
-435.980
-463.644
-378.560
-317.075
-278.981
-266.380
-336.809
-376.464
-433.405
-494.950
-384.239
-403.517
-429.678
-402.241
-481.886
-470.227
-410.101
-357.334
-230.669
-105.255
-143.755
-187.987
-90.863
-129.616
-155.240
-89.597
-166.331
-92.461
23.246
294.073
1148.603
1226.532
1386.342
1678.520
1923.329
1463.679
1291.756
737.108
495.939
234.529
243.361
206.117
184.898
241.355
264.732
278.367
293.930
237.601
197.132
128.238
59.987
65.613
11.168
-35.742
-39.404
-53.849
-108.233
-158.456
-172.016
-163.202
-264.166
-257.058
-247.845
-269.751
-281.544
-264.354
-314.951
-385.390
-365.593
-415.076
-440.183
-411.281
-452.390
-471.194
-481.829
-511.968
-501.061
-478.600
-532.771
-423.795
-345.245
-327.630
-244.828
-203.912
-141.620
-99.674
-67.679
-22.310
30.613
71.536
114.366
147.910
176.835
200.488
172.339
186.714
140.686
99.578
164.750
100.826
134.495
175.339
169.227
186.043
172.618
147.492
176.860
158.975
257.958
219.379
204.835
160.088
116.583
83.384
27.436
72.250
84.539
88.500
138.776
185.065
141.821
162.618
152.123
143.795
157.566
162.107
109.691
100.093
57.923
19.509
14.966
51.655
57.421
66.806
109.871
62.104
-18.243
-13.700
-11.370
