-9.001
-10.439
-10.501
-9.995
-8.971
-8.964
-9.452
-11.358
-7.500
-8.172
-6.044
-13.635
-5.327
-4.860
-2.109
5.194
-0.456
20.189
5.318
12.472
-9.064
5.881
1.244
-27.827
-13.635
18.587
3.240
-21.640
11.560
-10.022
121.487
106.175
16.967
-21.567
-68.682
17.024
-25.070
-108.048
5.978
-11.017
-8.760
56.403
45.479
76.217
12.510
-55.365
-89.624
-5.138
83.252
-2.794
-295.409
-364.675
-185.885
199.793
165.646
255.863
293.960
-265.377
-63.470
12.990
411.136
187.853
-373.863
-523.726
-230.022
-85.981
365.509
330.459
-86.257
409.045
296.880
-5.807
-352.570
-47.368
668.125
212.812
21.632
64.230
17.628
-145.647
-43.340
-100.485
56.959
-360.365
-704.881
393.596
432.015
-2.252
-297.169
-323.774
-194.589
527.681
958.793
293.039
-1033.362
-1333.394
-1009.343
-423.530
113.233
649.230
366.511
-287.370
-165.325
104.998
580.241
157.609
-266.801
-175.746
284.329
266.012
234.424
-248.905
-68.547
106.289
-407.244
-362.189
483.616
376.869
-521.428
-423.481
-305.907
-257.229
-661.798
-158.809
654.836
816.634
511.390
-425.068
-950.583
-467.098
334.590
424.172
119.553
-282.328
253.568
654.575
395.340
734.886
1023.765
845.205
55.543
-699.685
-42.957
466.381
183.916
-90.142
478.455
270.884
-840.492
-1056.545
-566.528
65.789
109.518
-456.350
-1125.593
-1082.466
-188.771
152.180
748.428
856.703
1000.227
1393.018
1446.081
1579.271
1670.976
1688.907
1761.974
1634.476
1365.211
1382.040
1501.506
1563.612
1572.536
1161.815
134.588
-1020.555
-1604.078
-1782.813
-2012.709
-2207.616
-2441.422
-2573.357
-2779.635
-2664.861
-3341.698
-3220.629
-2927.758
-1887.955
-209.971
-889.363
-820.899
-408.242
-307.625
-374.928
68.810
906.376
1381.471
677.897
39.188
-231.881
-287.569
616.703
1453.485
1932.170
2339.810
2535.502
2599.651
2480.813
2080.365
1992.309
2032.429
2121.752
2078.116
1854.247
1742.956
456.583
-944.208
-1447.857
-1826.238
-1844.000
-2515.922
-3203.248
-2954.781
-2586.291
-2487.228
-2333.837
-1671.714
-1067.202
-400.632
-208.274
176.230
535.363
1529.051
2796.384
3238.965
3340.160
1273.628
-547.686
-1174.074
-1273.800
-525.079
-124.807
687.391
1588.937
1817.696
1735.872
1651.762
628.274
-1130.063
-1408.119
-963.293
-1352.337
-1661.879
-1767.827
-1337.965
-1041.099
-639.889
-330.992
103.559
221.447
-375.251
-1003.867
-1317.730
-1905.326
-2075.688
-1943.565
-1523.929
-1301.292
-1211.439
-1538.162
-1292.461
-676.756
364.773
986.380
1428.383
1619.647
1855.232
2020.302
2247.594
2577.326
2258.530
508.374
-322.494
-250.708
419.940
587.300
704.051
1127.181
1058.300
121.969
-299.328
158.899
925.436
1243.785
1232.241
314.254
-803.174
-1316.577
-1067.027
-67.951
305.758
-4.378
-45.827
220.392
482.537
899.453
1276.655
1339.553
1013.712
539.573
-83.756
-545.722
-1107.426
-1393.286
-1329.214
-1062.864
-186.822
-58.622
-78.072
11.429
-26.717
-212.575
-305.118
-95.084
277.972
293.820
127.865
-129.240
-394.924
-602.704
-779.965
-838.458
-1046.424
-1547.470
-1798.557
-1939.851
-1865.741
-1066.346
-388.041
-163.502
-5.457
498.355
788.946
857.071
1021.722
1175.095
1132.610
787.436
532.216
500.985
494.053
499.470
805.432
1014.684
576.667
323.943
347.074
331.053
327.872
488.620
688.952
701.936
516.933
308.575
-11.857
-237.058
-540.017
-782.243
-689.720
-672.738
-695.865
-598.180
-151.172
100.131
368.750
395.078
227.762
10.379
-177.248
-366.594
-686.488
-698.540
-632.658
-446.049
-56.635
483.238
640.715
704.606
532.479
301.269
89.073
-152.701
202.590
351.055
321.685
447.336
439.951
437.406
541.380
693.423
711.795
613.336
484.349
481.682
335.619
-85.377
-195.053
31.409
50.300
-130.654
-438.619
-525.979
-181.392
-123.923
-142.514
-161.579
-229.742
-271.826
-69.529
101.073
122.352
151.194
-77.450
-129.949
139.387
329.115
157.877
-31.535
-11.363
-35.966
-24.997
101.391
-1.058
-124.407
-139.798
-277.643
-488.706
-412.093
-293.110
-334.216
-466.716
-524.158
-408.724
-96.167
177.412
325.986
346.734
207.552
42.394
-200.189
-298.321
-381.015
-434.903
-506.016
-426.391
-129.313
251.588
272.304
-44.811
-322.911
-380.804
-291.607
-91.652
-156.796
-414.178
-484.461
-491.086
-472.593
-105.467
193.713
100.636
-32.045
-6.514
159.968
167.162
-97.478
-298.172
-401.992
-389.226
181.262
429.182
383.876
365.695
477.425
232.068
129.255
231.675
339.960
278.671
211.454
282.060
372.412
381.837
342.120
211.549
227.247
168.257
31.155
54.926
217.179
431.560
362.916
19.847
77.661
219.608
242.633
177.474
-197.052
-457.543
-372.446
12.706
98.906
136.502
70.578
-300.950
-576.305
-748.708
-750.602
-519.015
-434.820
-424.583
-413.291
-404.991
-327.257
-306.302
-272.825
-332.020
-382.710
-207.667
-70.179
45.612
167.596
180.174
133.377
86.151
17.353
-36.587
-135.235
-141.355
-161.505
-115.775
-7.466
15.163
-28.198
-157.966
-311.720
-312.312
-134.272
111.050
128.947
-15.222
2.094
353.948
470.011
549.961
695.562
914.261
989.346
833.728
447.314
360.616
352.355
205.979
-178.180
-225.960
-197.885
-143.184
-142.960
-129.436
-121.976
-185.541
-233.724
-145.499
-195.303
-262.179
-292.591
-265.530
-222.123
-207.430
-142.364
-75.390
-80.342
-77.206
34.945
168.285
386.910
510.943
354.758
-28.590
88.371
39.566
-259.353
-311.744
-306.639
-242.928
-44.677
44.683
193.001
277.023
215.672
89.455
-24.930
-76.814
-75.654
-68.621
-63.944
-62.702
67.575
154.056
104.943
68.077
109.667
47.166
-61.300
-116.949
-83.498
356.350
520.830
520.133
508.545
514.958
451.862
402.788
556.448
622.894
581.659
361.056
289.826
200.946
142.785
162.600
188.197
16.147
-232.207
-281.903
-231.659
-261.428
-369.095
-461.496
-511.452
-525.546
-541.634
-508.551
-372.811
-310.588
-263.347
-230.475
-155.990
55.291
6.294
-83.483
-226.784
-247.374
-206.929
-81.379
-31.151
-126.950
-95.889
-23.916
44.795
60.390
112.228
296.976
308.104
276.193
235.149
259.527
256.191
157.485
114.958
89.122
-19.777
-112.609
-106.098
-32.663
106.983
245.460
163.918
-8.807
27.609
152.032
245.450
317.444
362.479
293.526
210.514
161.655
78.228
39.172
20.043
-2.791
-2.786
-44.816
-83.876
-106.823
-57.875
-27.193
5.885
-7.260
-123.906
-211.498
-296.607
-388.417
-395.055
-380.637
-335.979
-379.987
-421.820
-400.117
-385.104
-385.831
-403.165
-357.414
-151.652
-19.497
19.572
-17.626
-70.440
-34.711
43.293
146.575
220.279
234.153
245.615
259.237
272.577
275.794
226.721
125.569
81.934
80.323
49.294
79.028
152.730
141.391
136.719
142.076
151.745
110.219
21.036
22.093
40.518
38.323
-77.242
-98.252
-59.158
-74.031
-152.303
-89.263
8.811
-44.439
-237.932
-257.356
-291.004
-323.821
-200.003
-86.206
-68.812
-148.573
-220.080
-205.569
-175.864
-156.112
-172.616
-325.637
-355.810
-282.085
-97.257
4.940
63.435
98.339
100.407
137.691
125.482
68.790
55.735
54.117
