-1.490
-1.961
-1.878
-1.841
-1.691
-1.980
-1.499
-1.070
-4.070
-1.222
-0.177
-2.528
1.916
-7.624
-8.633
-3.805
-6.317
0.734
-12.151
-4.010
-2.448
-5.489
-10.357
-17.307
-12.918
-3.328
-12.218
-19.853
-10.717
-35.233
-66.172
-30.079
-71.095
-33.433
-6.513
21.480
22.576
-85.914
-66.050
-80.479
-5.772
-18.463
38.187
43.505
-37.626
-114.714
-16.673
-3.159
49.836
71.927
291.231
250.195
-160.778
-0.025
-246.912
103.935
50.426
9.379
73.193
-201.981
-109.933
-0.981
225.805
143.516
137.620
17.058
-357.112
-333.100
245.462
-101.603
-372.993
-213.756
-292.181
-192.691
8.128
-122.187
-323.429
-82.339
-75.685
-137.337
118.111
89.450
63.595
-36.752
309.292
70.133
300.699
284.556
-17.151
219.846
261.050
-139.692
300.928
281.238
452.556
770.465
114.589
8.548
-210.792
488.592
239.862
-254.140
191.498
632.369
46.605
-170.120
-152.836
-527.926
-497.668
-533.840
-275.392
42.394
509.601
293.218
-923.811
-755.974
-138.565
664.168
847.486
336.219
191.228
65.113
127.910
-45.221
-172.359
-374.308
-25.373
401.973
530.739
626.435
483.632
-141.892
-411.232
-125.054
140.426
-250.736
-920.340
-563.497
49.330
-42.851
42.467
-536.899
-836.857
-681.992
-417.140
-191.575
264.916
463.540
939.543
853.864
251.267
-282.101
-354.313
73.465
351.834
623.113
1013.840
624.416
125.623
-181.173
-723.503
-598.061
-722.472
-725.253
-819.061
-691.905
-453.478
97.631
372.118
687.692
787.888
455.123
-214.303
-1031.382
-1809.723
-1328.149
-419.778
-16.996
397.732
1594.322
2234.408
1998.019
1330.715
186.847
322.769
1087.428
751.352
-1049.507
-832.866
95.361
242.885
-108.206
-123.055
138.789
-614.753
-1732.097
-2335.883
-2244.347
-1844.786
-1269.564
95.429
305.066
29.370
-45.816
-415.986
-534.389
-15.247
1039.064
1652.911
1818.623
1804.502
1766.148
1961.603
2174.875
2103.692
55.362
-1613.098
-2315.062
-2943.512
-3182.533
-2713.114
-1403.507
107.810
1184.763
2099.760
2148.303
444.906
137.834
911.412
1677.602
2174.996
2610.521
2454.197
1612.341
1243.343
891.931
-1844.411
-2162.860
-2733.195
-1126.213
703.956
-59.756
-537.835
-486.003
-806.301
-1084.306
-1160.546
-1950.223
-2004.088
-2067.600
-2223.460
-2936.983
-3113.879
-2631.385
-1255.079
67.264
909.150
1657.346
2329.937
2805.040
3055.341
2557.608
2136.857
1409.816
1037.059
1117.583
-66.666
-744.328
-268.640
750.243
1502.268
1894.764
1016.349
31.375
-613.452
-1313.093
-1557.815
-1640.651
-1826.142
-2022.498
-2247.834
-1940.310
-1121.578
-410.147
876.096
1688.096
1986.019
1710.707
1395.419
1420.609
1227.167
848.539
310.718
22.209
2.934
56.680
-38.121
-65.913
501.984
1108.187
894.382
422.464
251.479
730.720
802.037
252.616
-382.438
-833.552
-1287.204
-1699.216
-1727.681
-1426.036
-168.435
424.726
214.285
400.109
551.973
572.855
876.965
1118.121
1037.468
748.667
448.106
245.401
-29.016
-90.594
-309.067
-732.163
-1142.543
-1226.945
-1121.674
-1121.624
-1224.878
-1575.996
-1840.561
-1992.313
-1505.798
55.777
562.098
758.265
828.952
763.506
700.850
553.605
164.827
-257.254
-499.028
-554.334
-287.652
160.543
542.067
734.936
612.296
249.973
-45.117
-57.816
-161.428
-434.127
-816.324
-819.791
-594.204
-389.163
153.723
321.938
238.024
131.829
71.226
73.561
208.933
176.958
49.809
-301.824
-821.811
-608.339
-104.415
23.831
-301.399
-626.794
-630.529
244.821
570.593
710.027
778.051
797.475
672.300
276.707
564.907
645.301
362.054
-79.981
-410.875
-409.518
54.107
-30.747
-108.091
-9.516
6.294
14.585
-33.530
75.823
125.907
57.983
-59.653
181.661
407.743
304.623
312.238
684.625
650.458
435.204
-5.598
-233.223
-218.699
15.264
342.512
418.972
386.595
388.577
529.071
192.098
214.363
341.240
-45.475
-538.193
-599.029
-256.981
-77.497
-401.777
-736.715
-922.524
-1003.862
-668.063
-342.902
-256.629
22.243
148.190
219.452
505.451
643.944
567.825
546.336
582.846
578.892
463.966
240.864
161.644
287.596
378.301
173.008
-213.026
-298.163
-357.081
-401.859
-534.851
-536.485
-445.148
-306.041
-288.408
-290.614
-288.711
-292.209
-119.845
121.425
199.611
451.280
555.312
502.673
349.959
152.715
116.195
133.646
99.137
181.359
219.069
186.397
-135.494
-441.721
-550.393
-496.131
-104.650
291.326
378.159
398.326
122.384
-316.214
-405.507
-232.130
-69.585
-125.961
-154.570
-69.691
-80.364
-120.413
-92.617
19.241
11.451
-235.049
-439.080
-541.147
-577.461
-273.997
40.364
-190.740
-196.333
32.651
103.830
186.776
290.044
-49.141
-125.240
49.087
92.237
36.426
-34.786
1.348
200.164
347.127
472.017
525.485
414.115
465.037
557.551
397.404
-166.304
-266.314
-308.453
-103.521
263.449
570.188
547.291
234.288
207.872
103.715
1.404
67.238
90.716
103.117
-111.889
-206.815
-232.925
-185.197
-129.248
-143.071
-331.982
-449.864
-495.998
-513.001
-379.245
-171.781
-128.514
-161.162
-86.624
-37.626
-50.596
36.843
161.611
79.470
-28.619
-150.543
-166.412
-248.700
-198.158
-75.396
8.071
122.555
171.227
234.946
197.978
159.006
150.338
182.491
196.072
89.294
1.090
36.915
132.544
193.231
356.711
407.960
412.663
202.378
-124.676
-380.982
-381.630
-379.412
-410.118
-338.325
-244.758
-64.822
144.038
-30.663
-615.820
-749.440
-745.051
-520.307
-121.487
115.038
387.963
578.826
552.650
289.070
137.721
249.195
301.020
183.227
110.294
22.858
-110.428
-140.485
-140.793
-48.815
10.723
60.748
81.752
107.991
96.641
163.965
315.247
239.816
158.135
204.373
88.826
-205.417
-352.836
-252.896
-1.953
141.989
100.580
11.075
-194.549
-246.047
-225.052
-219.445
-288.405
-267.790
-197.879
-197.419
-133.169
-36.667
12.053
89.139
164.076
90.309
46.394
-43.320
-16.273
56.110
36.637
-224.346
-358.154
-317.083
-22.866
166.990
332.146
302.795
128.183
-93.917
-17.032
121.464
280.966
338.794
216.713
-10.362
29.353
56.121
64.746
27.289
40.471
97.301
171.564
177.952
121.101
55.832
165.720
243.082
129.072
79.695
-128.484
-302.329
-243.165
-101.113
-48.814
-33.846
1.070
2.345
16.453
128.554
153.515
194.577
245.318
141.826
-22.984
-89.038
-79.371
-72.736
-28.678
-81.022
-121.021
-170.655
-183.541
-71.779
-13.933
-29.402
-49.442
-92.580
32.741
117.070
121.353
108.627
173.594
241.568
250.576
227.761
50.868
34.597
131.904
188.221
136.997
31.496
-118.820
-194.645
-130.812
-38.912
-25.158
-17.759
21.612
73.026
149.614
100.008
-6.203
-58.330
-145.434
-216.120
-203.739
-210.367
-164.226
-116.735
-54.065
-56.999
-100.000
-56.383
-54.400
-79.300
-193.588
-285.044
-331.350
-393.615
-402.055
-378.906
-214.383
47.690
209.287
275.883
189.448
10.248
-45.702
-38.401
9.261
20.830
-21.715
-29.277
-43.860
-38.782
47.239
253.457
349.501
342.951
224.439
179.617
134.667
118.822
82.285
1.629
-66.683
-113.267
-59.347
-4.326
