-12.216
-13.048
-12.451
-11.618
-11.032
-10.336
-9.600
-9.106
-9.536
-9.075
-10.231
-14.212
-12.446
-4.871
-2.138
-11.532
-10.076
-13.732
-18.360
-7.833
-4.668
-5.069
14.773
2.158
-13.652
-19.338
-9.620
51.068
69.997
-20.129
-101.157
-77.286
-31.467
1.325
-3.810
4.078
77.264
45.563
-92.863
-59.050
93.415
96.732
54.083
-17.681
-181.138
-134.046
115.667
156.367
-0.828
-130.943
-44.989
-31.004
-165.620
-25.106
196.344
56.805
-152.097
-53.654
4.575
92.757
191.328
30.583
-159.511
-132.808
-2.363
178.185
58.730
-92.935
-126.382
50.037
-12.882
126.258
250.241
-19.935
-146.111
-135.208
-281.934
-105.988
98.045
226.479
-15.278
-342.296
-280.802
231.931
279.865
201.723
232.255
109.905
-66.898
-277.170
-191.369
90.338
169.460
-25.994
-287.657
-440.991
-97.587
267.702
435.376
79.676
-295.678
74.355
102.874
-94.513
143.510
319.575
80.202
-382.256
-371.457
37.209
217.379
-93.894
-309.184
58.908
-61.017
-83.610
504.221
497.006
-208.776
-575.001
-419.421
-142.697
-51.179
24.820
195.370
138.198
-202.664
-261.498
241.330
596.351
271.355
202.444
129.188
-385.531
-166.058
172.364
230.457
-313.809
-113.529
6.916
-158.662
-287.595
16.179
510.134
379.786
-29.782
-89.895
60.937
96.237
161.146
-140.846
137.852
313.798
144.917
10.868
-46.120
-318.628
-296.996
-214.602
-408.555
-173.176
-24.136
-262.180
-212.120
133.162
165.912
208.402
510.595
435.759
352.280
265.372
-100.989
-3.394
224.616
294.783
-57.011
-36.570
175.876
285.608
270.818
433.695
412.655
370.617
257.904
-145.055
-519.320
-614.807
-222.944
300.673
472.857
624.091
336.842
115.518
-370.602
-638.383
-749.098
-592.013
-763.880
-213.824
278.678
403.442
124.046
-84.048
-256.843
-361.914
-53.790
12.463
549.586
758.068
603.463
591.775
542.791
708.123
399.462
-208.818
-341.905
-470.040
-777.872
-953.308
-1168.792
-1118.583
-335.303
418.361
895.722
982.997
837.993
325.411
162.709
485.160
346.959
-389.004
-754.357
-392.451
-67.233
-79.109
252.865
923.166
968.844
394.905
258.319
305.266
-106.766
-181.026
-56.952
-47.292
-488.819
-540.217
302.857
167.112
-329.856
-551.988
0.500
475.925
16.009
-1173.878
-1352.366
-1103.001
-1384.841
-1764.659
-1817.682
-1135.459
566.167
1796.635
2687.001
3392.329
3802.512
3634.724
376.694
-1608.969
-2463.264
-2159.562
-1116.282
-317.471
161.460
279.685
499.149
784.910
1817.276
1723.345
1355.192
640.392
112.942
-214.521
-86.358
175.168
88.444
-550.713
-1466.901
-2355.716
-2833.025
-2970.720
-2616.953
-1801.968
-1010.896
-1177.703
-1416.261
-1484.606
-1358.511
-678.455
17.735
839.821
1303.307
1512.879
1415.446
703.287
-411.457
-1490.856
-1915.249
-1984.575
-1856.613
-1591.521
-1267.678
-650.294
82.317
682.646
1183.944
1570.872
1975.889
1813.881
1378.295
1667.451
2198.402
2577.021
2500.967
1795.735
814.200
-363.195
-1431.019
-2088.099
-1751.958
-545.808
-47.002
-21.182
553.252
1251.287
1568.803
1235.195
1011.959
508.974
-100.790
-638.515
-975.834
-1057.582
-1341.966
-1279.923
-1124.440
-954.715
-977.070
-435.269
647.138
1591.909
1869.761
1804.448
1505.281
1168.896
875.950
279.774
143.230
402.504
279.581
-653.401
-1614.891
-2246.261
-2373.213
-2663.327
-2848.795
-2672.600
-1575.242
-495.948
327.147
1230.493
1989.398
1893.159
956.338
454.904
699.936
1473.983
2336.719
2767.583
2921.000
2755.687
1750.964
384.818
-572.753
-972.384
-640.019
160.254
469.751
437.273
701.261
1108.328
1135.269
77.704
-986.051
-1142.782
-888.218
-542.309
-447.147
170.802
248.722
-280.918
-875.445
-888.235
-453.628
28.824
167.453
53.449
-65.281
-215.751
-625.954
-735.077
-365.110
-216.027
-492.367
-671.302
-854.423
-617.096
-61.586
209.087
199.198
172.727
177.620
128.594
38.860
-33.855
97.265
187.770
513.288
863.145
1192.492
1407.134
1042.527
76.314
-258.533
36.734
481.523
559.160
304.071
-448.284
-1256.678
-1692.314
-1744.001
-1327.206
-991.281
-963.195
-1093.221
-1089.747
-1102.025
-1303.784
-1318.906
-1000.586
-624.275
-323.870
-98.407
146.421
95.028
-287.808
-459.940
-245.807
82.057
168.759
53.213
-102.413
-92.491
160.765
582.249
965.310
1229.514
952.512
744.371
832.490
800.230
215.923
-209.615
-414.935
-534.764
-508.357
-308.047
-69.589
-41.354
-219.743
-339.896
16.162
512.405
876.132
990.393
673.883
222.683
-94.416
-223.204
-145.489
58.129
112.496
-25.885
-244.940
-379.427
-280.913
-46.234
150.778
195.505
103.578
-51.315
-61.651
189.433
489.513
714.888
858.022
936.127
925.956
651.132
364.105
268.274
200.169
93.361
14.743
-27.783
-69.103
-79.733
3.064
124.394
192.044
244.392
362.125
342.896
339.520
191.414
-38.345
-259.144
-293.022
-289.022
-224.566
-295.587
-259.397
-209.720
-131.524
64.155
344.222
478.754
459.281
283.948
101.970
43.037
116.083
190.956
302.432
286.965
75.512
-127.648
-229.124
-224.167
-106.209
-0.911
23.282
-6.719
-99.306
-154.998
-124.249
74.436
318.827
553.602
565.044
375.625
48.808
-99.026
-159.498
-214.932
-227.571
-128.802
50.954
118.937
120.753
182.915
213.296
225.502
133.564
-63.596
-235.117
-391.658
-489.092
-506.581
-504.718
-485.881
-526.943
-507.926
-517.786
-506.955
-485.132
-412.398
-412.079
-383.130
-334.134
-298.628
-233.469
-216.579
-294.150
-391.033
-484.717
-503.138
-484.117
-493.174
-528.794
-576.033
-583.869
-541.048
-433.450
-230.868
-68.499
-4.794
40.428
146.408
291.828
316.149
314.276
281.471
243.750
224.608
296.500
426.849
503.569
505.014
502.917
387.952
236.428
134.311
131.275
136.590
165.217
223.897
294.749
294.378
203.850
117.929
148.207
148.271
148.677
81.416
-82.689
-184.802
-252.250
-321.787
-368.863
-301.614
-181.369
-67.445
35.047
176.743
278.575
312.180
240.074
126.547
46.314
118.367
300.613
408.119
379.368
281.040
249.924
256.600
249.966
199.550
180.207
150.821
179.701
181.190
154.014
55.081
-24.531
-95.195
-55.299
30.875
167.582
228.951
255.657
236.589
198.041
65.553
-52.651
-162.511
-235.694
-282.984
-209.135
-118.035
-88.307
-116.063
-130.221
-104.665
-88.139
-22.101
-77.367
-202.444
-304.824
-384.912
-469.290
-480.706
-403.271
-310.222
-254.670
-178.374
-232.038
-350.975
-447.464
-424.145
-373.085
-351.690
-416.600
-429.979
-425.840
-336.021
-212.082
-131.453
-28.306
-9.238
-42.524
-48.234
-30.858
-83.947
-87.234
-50.245
16.375
31.135
52.710
78.193
63.284
61.765
101.851
257.004
434.600
513.785
508.943
432.841
399.193
392.688
417.040
426.420
416.176
352.860
232.639
184.859
253.471
298.068
257.341
182.652
185.340
261.308
426.559
575.176
693.031
695.967
551.645
351.477
205.225
114.052
9.426
8.121
1.568
45.407
73.448
52.078
34.826
5.158
-17.467
-56.085
-158.096
-252.577
-300.142
-279.110
-308.530
-317.184
-292.656
-305.102
-339.643
-424.249
-454.193
-392.443
-257.849
-209.714
-247.323
-292.086
-244.742
-225.150
-157.286
-86.117
-23.763
19.509
110.573
208.000
203.204
264.560
334.817
401.161
389.014
382.455
337.030
279.679
195.217
190.218
192.544
196.619
146.934
66.967
-18.127
-89.336
-91.198
-109.800
-142.172
-160.084
-108.418
7.393
154.319
169.398
92.395
-0.146
-53.263
-78.681
-99.190
-164.662
-188.895
-170.753
-136.918
-136.564
-149.748
-176.407
-185.147
-165.105
-175.623
-201.366
-168.241
-100.602
-86.954
-111.985
-91.149
1.333
85.817
141.840
170.067
216.670
185.961
106.436
70.495
38.641
2.792
-18.907
-94.349
-185.063
-279.471
-288.568
-288.762
-269.084
-226.015
-199.666
-164.069
-86.484
-32.592
71.664
108.706
138.753
109.684
42.102
-40.210
-73.897
-83.717
-37.732
23.584
16.913
6.317
-30.550
-42.799
-53.075
-40.603
-71.927
-111.678
-138.790
-192.220
-233.184
-261.900
-244.739
-241.420
-171.254
-91.077
-59.790
-74.206
-139.911
-118.804
-70.860
-66.640
-60.610
-67.730
-49.535
-1.903
45.313
82.875
121.796
133.170
145.630
88.203
23.924
6.112
22.397
32.966
35.136
32.966
41.200
-0.996
-39.754
-34.180
40.019
61.852
28.147
-25.767
-32.706
28.497
-29.927
-53.111
-46.790
81.450
186.103
205.555
181.730
172.270
130.543
98.829
67.802
52.436
28.437
7.682
-38.854
-80.315
-110.871
-111.696
-169.683
-179.149
-159.171
-116.331
-58.510
-40.530
-34.995
16.251
-22.274
-87.812
-172.477
-152.463
-156.935
-157.878
-168.308
-117.555
-101.289
-121.214
-106.848
-93.126
-63.304
-77.139
-53.681
-40.058
-14.639
-34.633
-3.932
22.155
75.044
163.752
208.585
272.252
300.331
287.678
232.523
209.004
244.598
228.034
217.503
191.677
169.227
174.476
157.430
109.278
134.926
214.810
281.827
269.468
237.622
254.997
215.013
239.770
227.470
180.638
151.477
129.701
99.560
74.920
165.754
252.456
300.922
346.989
404.121
441.366
438.848
415.925
364.622
306.382
252.630
192.688
126.002
77.385
33.181
29.780
-7.886
-8.012
8.052
-2.385
-64.926
-106.266
-166.738
-207.036
-220.290
-240.486
-268.485
-264.905
-252.225
-281.014
-267.972
-278.399
-299.245
-322.361
-350.209
-351.025
-342.493
-340.738
-320.786
-297.385
-248.914
-195.178
-210.160
-200.672
-199.778
-179.040
-147.456
-82.015
13.420
86.932
145.090
152.029
139.714
120.825
121.097
72.960
56.593
65.300
102.324
139.063
151.326
153.053
101.787
64.314
29.991
-14.780
-40.492
-80.072
-72.970
-62.204
-60.095
-41.077
-39.462
0.241
8.450
21.922
2.738
-4.412
15.654
22.999
10.227
-33.967
-83.357
-103.940
-149.404
-223.531
-286.115
-332.591
-349.969
-349.536
-347.217
-312.180
-330.410
-305.850
-305.865
-277.864
-256.147
-216.356
-170.672
-142.737
-112.623
-98.261
-102.839
-80.172
-12.119
60.452
119.903
173.614
229.258
238.830
266.490
306.123
295.941
292.686
302.432
288.944
277.194
269.025
271.470
223.711
214.719
210.400
176.169
152.336
148.132
134.545
103.820
52.079
20.388
-43.777
-131.488
-225.352
-292.336
-284.711
-261.057
-262.065
-264.303
-256.222
-247.531
-274.371
-278.533
-235.399
-267.855
-214.776
-132.359
-64.354
-5.809
22.264
48.279
85.575
121.617
135.114
169.621
207.993
271.046
285.216
281.431
243.146
203.489
206.083
187.797
201.831
185.157
189.678
259.452
234.936
237.691
164.062
147.644
117.879
62.221
22.098
-22.254
-53.751
-60.831
-74.456
-98.900
-122.232
-117.352
-74.157
-86.204
-85.939
-89.776
-70.344
-42.551
-38.793
-21.664
-25.266
-4.886
10.276
20.731
62.357
41.054
89.415
83.452
97.661
72.626
68.228
37.150
38.899
56.523
60.921
28.953
23.948
13.033
15.235
9.887
-26.508
-49.795
-58.773
-55.161
-43.916
-76.277
-111.493
-109.689
-121.420
-135.550
-145.762
-81.693
-61.106
-43.634
-12.932
-2.182
23.807
