16.103
17.262
17.014
16.457
16.323
15.753
14.804
14.846
13.442
14.301
14.408
15.087
13.375
7.834
3.391
8.433
15.082
24.796
20.777
7.616
-2.671
-5.898
3.201
15.116
18.451
13.801
-8.715
-10.932
-26.763
-34.708
13.192
61.275
58.019
31.854
-7.668
18.426
-22.041
-70.451
-35.704
-42.286
-33.338
17.146
51.320
51.591
83.269
2.296
-39.905
-95.678
-79.186
-1.254
103.660
-10.196
-50.221
-53.550
2.141
37.881
26.146
65.862
126.872
51.420
-53.790
-62.300
-135.811
-155.393
-38.723
-52.249
99.020
-38.476
6.845
-88.334
-86.347
-69.502
-62.251
129.072
-7.444
-80.699
96.763
121.773
58.020
-240.178
-247.308
6.025
231.622
113.744
-7.155
-106.239
-22.859
-105.384
-78.993
-54.527
84.021
258.117
88.521
-120.302
-88.535
-106.706
51.710
11.986
-259.769
-190.146
139.972
-24.915
-141.639
-187.975
-81.163
254.935
190.924
11.094
-12.288
-144.520
-168.469
-215.259
-110.073
-126.728
58.549
-9.719
-12.885
-179.877
-43.779
269.934
363.959
407.626
156.776
118.835
75.064
-400.071
-340.838
-232.731
54.217
-77.424
-215.539
-305.498
28.140
89.881
200.868
37.899
79.262
5.265
-207.629
20.069
-168.313
-267.107
-158.003
-46.928
-212.440
-261.545
75.794
295.665
143.584
-213.183
-311.771
-296.949
-142.281
-74.392
-80.315
81.302
124.669
-73.339
6.360
371.405
321.448
401.716
301.602
86.519
-206.122
-216.222
74.659
-318.145
-626.017
-716.328
-640.670
-311.850
-277.781
-76.656
185.655
386.815
476.105
665.191
746.987
764.351
702.323
529.690
787.566
954.324
1000.083
815.263
488.606
-79.496
-505.930
-998.988
-1263.936
-992.522
-938.161
-240.325
445.609
774.763
301.108
-44.480
-791.389
-986.633
-1035.974
-852.743
-571.713
-623.425
-364.954
173.387
685.701
615.875
193.406
240.089
-195.564
-410.951
-579.869
-511.137
-79.166
155.562
375.434
467.717
186.127
32.455
52.904
201.926
139.739
-109.125
7.236
93.602
-106.035
-451.522
-581.078
357.378
1318.609
1329.239
1026.258
817.522
388.450
-19.942
-199.362
-783.516
-842.672
-559.534
-499.216
283.708
932.181
1012.224
797.951
741.704
671.595
311.816
474.451
875.710
1517.243
1091.449
172.933
291.890
1227.929
1245.493
1143.276
1288.683
1390.541
1140.161
633.092
-569.909
-1192.456
-1646.389
-2020.210
-2251.568
-2510.119
-260.148
1299.162
1619.215
1312.000
1.829
-1094.135
-2366.732
-2959.889
-3324.142
-2604.852
-638.135
1215.192
2308.884
2734.114
2542.693
2710.885
2780.932
2598.686
2059.889
1117.531
256.962
-70.891
-393.147
-661.531
-849.648
-615.423
-704.212
-612.518
-1025.339
-1074.866
-779.651
-784.256
-524.040
-407.481
-242.547
-114.253
49.477
702.727
1152.276
1151.185
622.083
-86.259
-743.066
-1197.878
-1525.259
-1812.846
-1998.045
-2025.382
-1934.518
-1727.989
-1595.962
-823.089
129.914
401.037
509.490
386.233
165.177
-551.672
-989.135
-425.649
444.215
1030.888
1133.792
964.701
950.721
807.588
369.510
207.058
185.932
859.350
1077.160
915.888
328.451
-287.580
-742.855
-1262.384
-1034.486
-1023.875
-1171.126
-1520.966
-1604.053
-837.096
-196.113
-279.717
-517.408
-889.539
-1080.782
-887.431
-674.119
-207.427
70.148
156.622
429.105
1084.513
1242.307
897.412
367.300
402.441
890.931
1072.243
750.419
453.185
95.720
-523.650
-829.547
-427.921
686.390
1561.446
1789.138
1639.932
920.183
48.865
-433.272
-518.337
-458.705
-902.334
-992.578
-775.824
-622.880
-988.665
-1498.997
-1421.409
-1020.389
-716.207
-795.179
-564.239
-82.168
85.153
-157.831
-721.966
-562.366
-274.239
15.412
-22.036
-233.031
-132.168
61.857
121.035
305.860
639.043
999.485
1186.364
1219.248
1044.816
886.574
855.404
759.439
417.677
5.059
-122.510
264.181
497.903
346.520
52.358
-180.050
-193.383
59.488
170.221
292.363
414.008
291.283
-158.496
-652.227
-915.640
-828.938
-511.846
-487.295
-524.341
-288.115
191.934
606.606
750.486
502.038
170.825
-89.338
-438.755
-703.329
-797.812
-722.034
-559.034
-474.406
-159.811
210.338
592.090
746.100
645.382
485.173
318.950
345.420
544.795
510.929
221.725
-95.621
-140.039
91.230
412.784
579.836
564.814
243.906
-0.989
32.612
510.362
669.219
494.616
183.335
259.162
497.358
508.590
250.742
-21.835
-160.859
103.469
546.578
685.248
519.323
177.605
5.831
16.348
26.949
102.839
337.708
504.641
517.179
429.957
151.034
31.120
70.248
161.404
204.884
153.823
86.551
63.165
13.023
9.028
56.868
123.111
-39.459
-111.622
-173.954
-146.480
-146.188
-131.208
-198.225
-342.772
-470.511
-538.594
-553.705
-608.487
-634.596
-477.887
-288.788
-65.246
173.703
250.435
170.756
-85.729
-185.520
-230.594
-115.052
-94.872
-21.582
16.690
196.082
317.481
293.179
-52.611
-299.867
-469.605
-525.461
-506.173
-230.430
95.365
316.264
356.081
188.758
-105.027
-321.276
-509.291
-644.963
-572.377
-510.761
-519.399
-530.485
-455.196
-225.864
-52.307
81.141
301.316
520.895
652.462
637.154
460.287
85.926
-128.153
-357.904
-447.806
-497.628
-418.854
-250.201
-166.767
-159.863
-271.397
-378.181
-370.856
-399.293
-406.294
-290.904
-190.698
-4.258
109.686
236.158
308.188
358.655
364.243
314.816
275.656
191.580
133.202
206.311
308.074
418.420
470.511
424.317
250.159
4.224
-164.302
-208.424
-256.073
-262.591
-188.471
-40.849
121.323
278.599
367.104
289.078
32.993
-222.659
-399.649
-532.767
-572.474
-528.385
-440.248
-356.274
-279.870
-198.526
-151.760
-175.493
-100.243
38.017
75.467
28.080
-14.513
-52.185
-133.907
-84.017
17.223
144.335
205.144
277.505
300.997
335.850
380.561
437.511
433.914
458.150
438.896
362.095
180.420
40.388
-3.535
-24.454
-66.933
-107.237
-5.611
111.629
189.090
204.458
136.237
-72.695
-256.985
-308.466
-211.144
-129.750
-49.795
0.104
12.535
28.482
33.409
39.110
-134.886
-295.748
-284.647
-121.271
-13.960
29.599
-12.959
-62.191
-147.137
-238.206
-345.730
-399.136
-505.551
-561.571
-625.457
-607.699
-685.572
-777.595
-844.354
-800.183
-691.181
-545.661
-356.457
-142.205
28.073
45.938
-10.940
-64.446
-47.201
-15.691
38.471
72.371
179.466
249.527
297.232
295.245
323.788
381.298
423.928
480.357
515.396
518.104
529.807
568.882
608.658
621.060
670.777
779.995
933.291
998.427
942.747
865.149
803.664
736.469
674.251
616.846
577.721
487.597
438.147
400.480
277.799
138.218
33.412
-35.894
-116.988
-191.925
-245.267
-314.483
-347.192
-361.939
-367.625
-337.136
-317.058
-313.287
-395.079
-479.663
-525.957
-505.979
-485.182
-417.025
-262.603
-65.474
-12.189
-50.694
-67.736
-52.522
-89.539
-121.615
-180.688
-226.956
-274.762
-267.927
-172.802
-121.462
-89.618
-63.281
-5.767
-2.207
3.469
34.688
52.778
135.721
194.541
241.875
325.431
337.617
395.440
428.684
476.195
438.921
420.253
365.921
269.542
124.970
32.040
-17.545
-36.368
-148.682
-180.066
-182.515
-135.104
-136.912
-133.256
-153.038
-174.798
-212.781
-229.439
-228.024
-253.469
-204.254
-166.267
-152.931
-139.579
-197.888
-227.994
-267.619
-324.537
-373.850
-331.818
-322.424
-328.460
-335.120
-343.240
-317.499
-296.020
-283.953
-287.208
-264.094
-208.131
-180.336
-191.587
-175.945
-144.439
-127.013
-82.124
-18.660
69.138
129.862
131.478
101.380
-22.650
-162.647
-211.755
-175.857
-108.061
-103.131
-135.441
-122.368
-70.652
-17.669
64.366
145.792
206.090
292.076
313.560
305.065
330.779
391.479
441.732
386.500
372.111
406.281
456.343
482.962
479.497
517.494
537.685
526.303
468.862
450.519
442.647
432.380
431.340
383.187
324.695
284.517
198.614
118.573
48.871
5.701
-1.496
-45.521
-62.105
-67.035
-14.839
-37.155
-53.872
-117.641
-130.217
-194.649
-276.203
-344.571
-370.191
-381.649
-334.052
-294.325
-204.606
-163.641
-177.737
-209.115
-211.817
-238.328
-195.440
-172.671
-131.735
-46.525
-33.586
-1.793
0.013
-4.462
-55.973
-59.925
-63.375
-40.081
-18.453
-10.650
-58.453
-126.686
-145.122
-82.976
12.000
50.114
65.276
64.051
23.376
11.738
5.715
9.622
16.340
-32.304
-76.708
-16.581
72.168
77.638
61.401
0.119
-72.837
-159.798
-225.423
-276.424
-259.702
-281.485
-338.590
-340.640
-304.659
-262.256
-239.682
-189.925
-158.864
-99.327
-110.849
-125.505
-166.945
-213.116
-188.518
-155.919
-132.008
-135.583
-82.444
-21.516
-8.574
53.129
153.177
200.407
258.149
259.331
259.880
191.082
113.259
83.712
117.441
170.894
229.067
256.199
283.722
301.599
310.799
353.536
383.851
413.441
389.151
365.987
343.228
300.269
275.428
231.643
247.216
251.143
219.824
154.854
96.228
93.711
45.685
-55.342
-150.783
-199.416
-210.807
-242.038
-245.955
-251.970
-226.935
-248.790
-316.565
-395.393
-420.087
-417.761
-388.449
-355.065
-338.028
-276.974
-192.190
-89.231
-5.151
50.049
96.254
148.351
177.387
190.178
200.306
224.045
244.967
250.638
250.127
201.066
173.417
165.959
167.703
136.469
144.042
125.621
88.391
109.345
88.297
50.166
53.895
75.641
109.776
156.068
190.594
201.790
182.563
158.686
162.355
192.767
227.256
223.568
194.697
183.854
181.274
144.136
110.078
111.527
95.744
129.449
122.237
126.510
86.890
38.002
18.352
21.258
19.854
28.068
66.651
63.650
26.606
32.964
28.145
55.668
54.932
73.220
91.077
125.039
141.580
154.675
126.059
105.232
103.605
115.761
115.976
110.900
89.504
21.327
-58.321
-155.436
-219.188
-322.267
-379.585
-420.554
-452.127
-480.646
-493.756
-478.379
-438.371
-409.578
-370.942
-320.935
-269.304
-232.627
-212.201
-189.851
-186.878
-183.957
-180.128
-181.824
-163.242
-153.771
-109.122
-59.305
-70.726
-16.764
-45.739
-24.023
-44.205
-40.391
-43.081
-34.031
-54.276
-96.671
-153.097
-221.808
-268.543
-325.662
-306.591
-300.174
-253.447
-216.118
-183.026
-156.454
-109.546
-60.990
-44.196
-45.871
-46.098
1.605
33.367
33.744
25.274
9.536
7.843
-24.670
-30.607
-29.418
-17.799
-23.876
-45.393
-72.390
-107.385
-131.706
-172.837
-168.893
-125.901
-80.435
-57.107
-2.673
40.780
65.335
68.473
79.840
87.975
141.112
143.290
169.016
188.967
165.454
117.087
103.006
71.483
83.476
89.880
131.921
126.791
134.482
124.357
119.354
119.552
94.590
129.307
129.973
159.098
193.741
165.176
181.312
219.569
179.464
209.823
205.272
192.252
182.042
242.772
235.852
207.421
216.525
217.387
183.252
154.556
144.572
128.804
138.203
145.110
163.084
173.406
210.564
244.045
269.624
260.582
264.900
211.951
208.632
145.524
124.454
82.580
87.247
88.236
61.103
20.346
3.790
1.576
-1.328
-23.304
-38.954
-92.385
-91.825
-107.346
-110.345
-68.910
-44.659
-40.385
-22.438
-41.944
-77.935
-86.747
-100.619
-134.675
-123.766
-104.140
