-14.283
15.381
15.863
16.412
16.980
17.324
17.324
17.357
18.067
18.766
17.565
15.972
15.583
16.047
16.068
14.971
13.664
11.011
7.568
8.742
9.090
7.493
8.417
10.651
14.273
17.934
23.005
30.245
27.688
14.740
11.848
6.531
4.033
2.627
1.078
-6.404
-12.209
-9.470
-5.082
-8.959
-10.008
0.750
10.248
22.511
46.224
60.204
75.320
85.774
89.187
80.579
63.810
30.217
2.010
-20.130
-38.759
-42.833
-44.378
-28.977
-10.035
-0.489
25.571
17.490
14.786
-0.269
-78.081
-122.210
-134.080
-161.011
-160.266
-96.896
-46.841
-4.377
8.005
24.333
46.962
79.966
124.108
163.702
196.548
172.156
133.605
81.819
31.335
-4.741
-50.383
-64.620
-66.499
-69.928
-84.946
-87.289
-66.054
3.430
51.897
100.325
100.341
133.574
106.694
22.231
-26.609
-27.707
9.436
6.332
-22.628
5.939
28.223
38.496
0.239
-39.785
-97.923
-157.666
-105.968
-48.291
32.863
59.817
58.049
72.116
122.256
187.783
177.475
170.460
102.535
46.234
32.965
88.640
165.496
183.440
134.609
75.382
-5.135
-72.188
-149.433
-264.885
-374.361
-409.218
-415.344
-370.631
-329.976
-325.891
-307.506
-229.277
-150.255
-39.109
87.838
141.262
196.496
240.999
258.598
282.673
283.615
252.323
139.628
55.536
56.390
83.569
71.105
77.286
86.833
81.461
98.840
129.279
131.749
97.997
16.824
-45.217
-73.294
-40.231
62.809
136.865
123.633
93.932
58.491
76.559
121.315
159.548
164.699
118.691
27.387
-76.244
-168.825
-230.402
-246.762
-211.953
-148.905
-55.242
56.607
207.973
389.134
563.204
693.550
765.855
785.130
741.459
591.972
344.066
66.395
-202.334
-450.636
-694.209
-855.189
-946.193
-972.885
-957.873
-925.034
-897.010
-879.416
-781.204
-591.811
-374.641
-164.594
4.167
183.973
273.704
297.174
282.905
260.781
266.528
255.119
204.314
171.523
149.111
132.493
105.618
98.003
77.581
11.250
-43.857
-158.610
-283.141
-411.181
-573.170
-746.312
-890.341
-990.719
-1063.229
-1117.536
-1121.815
-1099.138
-1017.930
-895.307
-738.604
-544.714
-323.454
-115.121
65.000
221.118
349.368
469.351
543.275
554.515
520.390
402.335
275.481
180.381
65.654
-147.192
-399.719
-649.013
-832.693
-955.928
-981.788
-893.676
-663.061
-304.243
67.345
344.766
544.252
711.253
843.544
971.590
1055.542
1129.879
1232.657
1301.816
1344.276
1330.068
1189.737
989.962
780.221
545.013
342.371
309.744
418.354
558.285
709.859
817.951
893.251
913.000
785.324
524.486
295.280
105.720
-84.848
-199.153
-242.236
-216.276
-89.751
118.012
274.250
326.957
333.479
342.303
377.168
378.135
311.154
220.896
187.122
132.030
10.320
-189.775
-425.974
-619.018
-851.858
-1079.215
-1277.678
-1390.818
-1414.617
-1229.211
-837.411
-445.756
-144.528
192.482
481.197
661.714
747.756
751.265
704.404
641.534
528.034
356.488
224.712
225.163
192.047
10.910
-255.444
-584.283
-887.140
-1185.124
-1402.947
-1528.829
-1530.396
-1335.943
-1000.944
-678.241
-424.728
-118.626
181.950
443.150
651.086
795.958
841.006
749.615
615.932
564.972
542.317
504.037
432.217
355.721
303.940
214.240
73.896
16.858
-0.607
-0.187
52.969
164.130
265.595
370.168
381.392
267.809
114.918
-50.664
-158.003
-148.705
-103.027
-145.254
-219.416
-308.698
-422.446
-527.368
-588.772
-531.481
-410.056
-282.896
-215.950
-215.419
-173.507
-167.609
-183.655
-248.665
-290.127
-300.264
-225.348
-41.185
159.731
256.260
246.099
210.294
164.949
94.080
-42.126
-195.775
-347.850
-497.251
-656.562
-832.591
-957.254
-987.271
-891.575
-645.358
-360.615
-110.497
64.912
116.754
141.803
154.787
155.987
182.318
259.369
347.194
413.543
483.983
539.254
572.867
527.237
364.335
119.606
-131.073
-340.308
-466.804
-565.025
-686.507
-809.365
-836.771
-739.669
-575.455
-313.027
-44.396
209.550
421.600
577.286
635.033
594.740
496.155
379.199
255.123
199.422
229.529
292.877
398.809
537.877
650.477
738.347
796.406
827.692
836.756
878.406
924.723
986.923
1021.441
992.628
845.491
627.481
439.951
250.709
72.857
-46.691
-118.560
-159.974
-175.744
-183.086
-141.432
-37.745
135.171
305.879
473.579
595.430
669.790
705.878
740.239
718.670
696.678
685.418
640.921
537.684
323.701
130.508
-39.935
-225.369
-373.804
-475.021
-518.984
-538.913
-590.733
-670.347
-751.116
-858.555
-964.199
-1091.897
-1177.127
-1201.955
-1166.223
-1129.368
-1137.985
-1150.454
-1092.390
-960.424
-780.923
-620.505
-454.740
-326.354
-219.774
-112.904
6.521
108.051
172.785
228.291
293.993
347.188
406.647
420.671
415.829
433.993
488.495
544.150
568.962
595.152
598.123
566.804
511.105
501.188
531.303
576.216
608.276
629.310
628.844
646.673
663.844
665.669
672.328
664.216
663.134
647.457
652.939
661.356
610.240
495.801
363.262
199.802
5.824
-230.602
-493.997
-750.909
-979.830
-1130.868
-1217.999
-1241.898
-1181.944
-1054.996
-896.306
-734.883
-552.345
-403.115
-272.901
-161.777
-60.361
47.542
180.757
323.721
393.945
405.520
378.991
316.627
213.518
53.090
-48.464
-107.851
-134.857
-142.693
-120.908
-71.325
22.520
104.680
156.549
209.581
241.255
223.474
162.505
88.153
-9.821
-137.002
-269.124
-371.262
-459.683
-517.035
-532.860
-523.574
-442.585
-328.644
-246.747
-221.436
-220.423
-250.475
-292.755
-339.485
-348.891
-319.260
-270.164
-234.451
-243.925
-274.128
-274.037
-268.792
-262.732
-237.904
-185.095
-101.008
-8.267
100.535
216.240
346.364
453.023
548.944
660.054
758.623
860.656
956.900
1027.003
1064.262
1126.910
1175.791
1151.369
1059.291
917.531
735.506
563.520
416.831
272.262
141.375
1.820
-126.708
-273.517
-389.452
-474.461
-531.625
-563.381
-601.219
-610.334
-589.887
-572.822
-556.559
-536.921
-522.209
-493.783
-456.964
-413.257
-323.444
-255.435
-201.091
-197.742
-264.776
-364.485
-441.145
-507.424
-549.573
-550.033
-530.915
-469.599
-341.367
-185.430
-37.554
98.136
220.300
279.515
301.238
301.685
314.420
318.729
327.649
352.484
381.848
394.876
380.303
367.868
304.061
228.830
133.204
18.988
-106.690
-214.655
-322.179
-362.674
-368.721
-372.098
-378.043
-409.597
-440.240
-484.564
-507.858
-559.191
-623.127
-714.880
-795.554
-830.688
-850.387
-833.766
-739.952
-588.339
-434.096
-267.749
-89.732
106.650
276.685
384.501
423.777
415.212
382.983
368.145
391.994
448.241
509.370
567.234
604.839
604.336
556.512
482.675
404.352
313.703
238.064
178.956
151.007
123.219
81.313
28.662
-18.626
-78.668
-121.872
-184.478
-216.613
-238.823
-270.452
-261.968
-192.892
-58.046
61.242
185.085
302.295
415.032
461.495
460.347
385.671
226.822
60.131
-95.253
-246.640
-357.999
-414.428
-412.030
-358.162
-302.934
-283.638
-281.377
-298.783
-322.645
-333.422
-297.996
-245.859
-164.077
-43.585
52.956
124.275
165.881
161.240
112.554
-9.471
-144.523
-231.634
-273.351
-299.704
-316.018
-341.191
-340.528
-299.695
-238.488
-173.316
-125.794
-68.381
-32.416
-12.624
40.755
102.728
197.640
298.182
399.909
477.861
499.254
500.697
491.729
437.453
353.087
258.622
149.712
58.151
-7.805
-57.612
-107.330
-165.507
-216.585
-224.951
-178.983
-113.684
-14.949
86.130
150.324
177.078
206.197
222.566
268.597
315.917
350.408
387.615
444.355
520.449
579.645
619.861
643.496
580.354
456.649
269.944
119.937
3.906
-86.695
-154.564
-198.940
-199.273
-180.734
-117.599
-42.788
64.807
138.493
175.785
206.393
225.923
261.632
269.756
249.683
237.324
243.076
268.180
280.452
268.015
223.794
187.636
175.110
151.820
159.795
162.072
138.831
129.618
114.418
69.158
14.219
-52.120
-106.785
-172.026
-205.380
-233.687
-203.238
-131.375
-93.062
-97.335
-130.302
-161.254
-178.543
-184.596
-170.963
-140.530
-96.129
-16.399
13.761
12.420
17.521
47.114
85.117
130.374
174.331
219.552
262.008
274.797
259.329
226.476
173.475
76.067
1.020
-49.929
-89.859
-144.261
-186.879
-216.669
-227.005
-225.633
-241.274
-250.820
-272.430
-289.657
-290.326
-219.374
-171.307
-142.189
-100.253
-61.986
-20.222
-18.894
-23.307
-50.697
-82.021
-146.218
-217.495
-241.642
-221.010
-194.451
-187.177
-189.729
-165.900
-141.861
-111.842
-74.840
-38.588
11.381
52.736
75.293
106.175
117.036
124.727
91.397
50.864
15.088
-3.771
-21.095
-42.710
-68.135
-80.760
-120.292
-171.710
-208.563
-216.801
-215.870
-206.225
-209.691
-192.495
-158.637
-126.790
-144.674
-181.482
-201.379
-208.721
-168.965
-138.598
-100.299
-77.068
-28.046
8.303
23.527
41.579
41.289
49.455
50.143
28.912
-5.024
-21.268
-22.408
-21.272
22.445
62.164
106.969
128.588
140.215
161.556
157.237
154.547
155.233
150.554
135.317
107.770
74.438
37.485
31.023
44.552
84.471
88.941
92.843
89.561
101.962
108.605
120.059
121.258
115.609
129.703
110.739
102.827
97.046
94.088
80.628
106.842
96.059
69.618
71.227
74.480
125.049
177.104
218.608
244.473
257.527
257.637
220.650
176.189
130.364
86.277
61.741
30.767
19.087
37.169
45.178
28.745
2.456
-33.863
-59.947
-89.079
-61.371
-32.862
-31.542
-24.589
-27.451
-67.456
-95.162
-152.509
-196.703
-264.021
-306.551
-349.424
-359.839
-344.746
-309.472
-272.233
-217.421
-190.850
-190.050
-188.181
-205.179
-220.965
-217.352
-192.696
-160.541
-136.250
-97.113
-58.760
-29.229
-24.527
-40.021
-51.124
-74.614
-86.426
-104.949
-108.900
-77.968
-49.931
-20.474
19.901
68.292
94.973
93.091
96.253
85.361
84.780
47.195
38.003
26.839
8.421
-10.556
-38.794
-75.304
-105.289
-136.674
-170.978
-201.559
-228.726
-248.036
-241.117
-208.125
-155.714
-99.119
-29.633
44.832
104.270
155.480
194.473
233.268
248.613
292.660
313.715
334.468
318.405
293.065
269.704
210.767
163.965
114.983
70.584
40.640
15.202
-14.280
-56.087
-84.343
-97.244
-77.099
-64.765
-5.778
39.726
79.252
75.664
96.449
137.106
149.508
163.217
162.109
137.660
90.566
29.450
-16.274
-50.123
-93.643
-111.301
-133.923
-110.959
-79.978
-87.366
-89.432
-98.498
-85.556
-43.302
13.066
71.565
109.258
126.757
150.312
176.454
209.829
216.983
197.168
159.767
128.352
117.512
102.673
100.247
125.335
126.420
129.604
128.850
116.278
91.197
75.044
43.339
-1.075
-28.317
-77.031
-113.823
-165.697
-202.117
-246.128
-269.548
-288.972
-276.558
-236.536
-205.934
-183.266
-142.147
-106.569
-78.962
-32.703
33.345
72.925
124.065
155.783
189.220
221.708
222.443
210.632
165.407
94.855
31.488
2.754
-28.974
-48.752
-71.365
-111.834
-146.666
-165.135
-189.339
-202.451
-203.622
-206.186
-196.723
-143.685
-87.216
-49.921
-25.842
-3.564
-2.021
0.273
-0.842
-35.541
-64.794
-85.580
-85.833
-96.256
-100.768
-110.306
-105.117
-97.041
-105.332
-97.431
-90.459
-62.424
-37.741
1.406
30.071
61.000
67.879
68.624
76.194
79.819
85.582
82.947
71.051
50.167
21.347
6.839
-6.641
-11.089
-18.939
-17.595
-13.558
-5.418
6.418
7.145
3.780
-0.968
-8.752
-8.410
0.355
32.728
56.829
81.165
101.463
121.406
135.555
154.436
175.608
193.329
204.546
212.000
213.823
226.549
219.900
196.532
194.525
191.292
169.559
154.666
133.299
98.876
76.191
33.683
-5.873
-52.818
-74.930
-106.332
-120.767
-133.509
-123.590
-112.977
-118.125
-89.179
-71.398
-53.761
-34.731
-31.004
12.264
18.957
46.232
58.642
79.124
95.826
110.188
120.594
89.410
76.566
70.015
41.654
22.972
27.773
58.461
69.237
100.179
114.022
126.863
130.802
102.907
82.508
83.928
91.701
93.515
119.825
118.482
112.372
98.722
91.663
73.880
54.446
25.566
-0.521
-23.679
-40.224
-51.603
-39.115
-29.660
-23.658
-47.976
-71.025
-98.598
-123.845
-139.418
-163.890
-171.049
-163.500
-153.852
-130.356
-121.440
