-7.959
9.702
9.920
9.902
9.749
9.286
8.943
8.638
7.489
6.598
5.427
5.056
5.568
5.567
7.020
8.261
5.653
8.177
10.423
9.395
11.289
9.825
7.247
9.247
13.630
20.265
18.032
14.592
5.744
2.037
5.630
4.508
-0.682
-2.552
-1.371
12.434
11.971
17.091
30.479
29.324
7.148
-5.908
11.666
8.159
6.250
17.437
9.883
21.212
21.134
23.763
32.919
36.811
51.813
51.231
49.222
42.161
10.084
-32.745
-59.882
-59.904
-35.400
-23.077
-33.567
15.189
46.209
55.560
100.880
98.480
83.704
80.675
69.506
3.198
-13.609
-23.642
-52.973
-64.873
-76.960
-50.980
-47.545
-5.623
10.999
7.522
16.655
-79.173
-143.730
-168.903
-149.249
-91.833
-73.493
-79.244
-60.212
-68.243
-28.351
-20.705
23.526
41.374
31.761
60.587
67.578
62.891
25.029
-8.392
-11.856
-34.552
18.645
7.903
33.934
14.478
-35.265
16.804
12.548
72.408
74.762
42.857
46.958
61.705
127.604
216.403
252.379
193.909
160.880
88.448
18.743
16.132
14.950
-37.077
-71.066
-104.689
-167.019
-207.264
-268.920
-294.670
-337.869
-313.463
-177.707
-114.964
-8.975
54.200
27.871
74.363
84.862
39.756
16.913
-12.040
-70.397
-67.775
-78.117
-83.911
-22.855
21.223
60.108
40.532
20.507
-11.981
-43.565
-74.814
-113.100
-125.932
-105.548
-67.959
-65.611
-95.354
-74.986
-23.403
12.776
86.359
128.181
118.200
110.924
79.783
77.192
45.427
46.047
51.861
-4.364
7.027
73.385
142.695
151.957
124.634
96.265
109.140
161.640
177.399
199.401
180.915
35.080
-110.317
-271.345
-439.473
-502.890
-506.170
-470.710
-377.320
-318.397
-303.550
-249.899
-163.759
-78.435
78.770
238.324
356.914
454.596
444.583
431.375
367.978
258.232
271.392
333.183
461.295
597.680
676.285
719.894
756.530
747.976
691.388
642.942
585.381
486.019
341.686
145.265
-47.183
-206.923
-312.008
-355.484
-387.813
-382.559
-409.562
-487.204
-487.026
-454.072
-419.238
-328.264
-269.461
-238.489
-228.343
-238.923
-278.416
-289.045
-260.398
-232.908
-238.956
-258.946
-260.612
-250.860
-330.790
-480.042
-629.556
-738.355
-795.675
-735.588
-673.531
-670.235
-619.614
-503.726
-403.266
-355.993
-401.070
-499.812
-547.125
-593.348
-658.442
-591.690
-425.059
-252.660
8.666
285.483
577.813
766.555
755.192
635.925
475.303
382.772
377.660
450.851
588.358
679.441
712.056
734.243
666.422
419.195
128.544
-104.827
-274.522
-385.870
-414.173
-387.595
-204.805
112.821
343.267
479.736
537.652
429.922
288.611
166.205
-0.142
-101.869
-118.482
-115.940
-66.613
-30.092
-5.131
96.892
230.500
271.440
215.580
172.160
204.231
257.120
322.737
354.415
382.871
436.414
517.256
556.853
453.118
105.563
-254.276
-463.414
-588.572
-623.468
-539.667
-427.373
-291.475
-121.125
-11.772
30.112
171.103
348.884
362.661
104.304
-166.634
-277.177
-417.954
-501.785
-483.315
-341.206
-143.134
-17.757
38.221
126.348
257.415
335.875
312.951
190.564
83.317
16.768
-77.378
-207.641
-290.506
-280.567
-162.766
-19.485
131.794
273.947
379.171
406.907
342.262
285.385
269.051
103.296
-164.601
-372.774
-489.386
-409.562
-88.534
271.537
590.450
808.640
903.851
914.086
722.467
393.416
97.182
-124.817
-279.839
-295.045
-224.315
-125.482
35.254
165.161
305.876
470.248
573.822
648.994
624.530
483.028
223.476
-29.343
-277.033
-496.567
-622.221
-517.845
-272.324
-44.671
159.863
254.474
278.493
306.788
394.682
507.003
525.746
385.953
123.023
-60.406
-161.705
-206.084
-223.899
-295.081
-309.673
-287.182
-181.193
-19.270
95.842
238.513
350.666
365.256
331.187
224.461
114.872
44.254
-30.994
-98.850
-222.250
-423.082
-638.586
-831.453
-990.028
-1077.650
-1018.656
-835.528
-624.486
-515.141
-569.967
-652.391
-756.537
-797.375
-760.921
-675.549
-524.249
-320.549
-151.886
-69.615
-89.501
-127.664
-77.874
28.620
89.593
68.395
28.777
34.656
93.417
214.456
316.461
419.500
482.478
518.945
547.341
553.820
503.791
415.966
358.264
350.053
334.268
332.662
314.961
260.989
211.222
193.630
168.204
137.477
106.595
80.244
90.842
141.546
184.886
202.949
243.763
231.763
224.988
243.338
239.062
236.812
252.336
298.451
320.109
367.561
427.948
435.531
373.792
291.762
264.949
284.306
310.883
325.116
319.815
265.041
182.184
48.073
-87.528
-195.346
-241.535
-243.557
-309.401
-406.093
-475.287
-543.222
-599.247
-704.003
-772.411
-839.130
-892.521
-841.736
-699.790
-535.307
-443.355
-402.675
-364.609
-306.767
-150.124
76.911
279.751
407.067
492.921
541.144
563.255
592.897
603.282
542.776
453.233
361.559
265.723
167.901
56.374
-28.619
-105.667
-170.873
-226.251
-265.685
-290.520
-294.740
-311.151
-328.937
-320.012
-244.547
-158.617
-109.483
-63.306
-51.575
-5.741
75.300
149.989
204.808
188.677
161.866
105.628
27.150
-16.614
-30.610
-17.027
-12.837
-16.788
-52.592
-96.535
-128.984
-180.921
-251.542
-287.651
-206.553
-45.835
85.864
153.875
136.109
49.011
-33.830
-99.733
-145.957
-180.345
-217.639
-187.961
-189.670
-175.728
-160.408
-170.593
-130.661
-99.765
-48.298
-8.525
61.983
138.697
184.859
215.646
225.299
236.862
209.557
141.726
18.688
-84.656
-103.720
-118.881
-136.867
-102.142
-127.355
-187.918
-248.925
-299.766
-345.339
-360.268
-352.352
-327.190
-339.726
-388.776
-446.992
-522.328
-562.574
-573.957
-536.850
-462.908
-353.189
-226.186
-54.600
103.238
204.336
298.708
383.439
446.970
505.001
518.286
488.767
481.013
484.274
469.933
411.631
355.382
363.384
361.560
359.455
352.333
310.957
225.490
99.375
-49.320
-239.335
-397.404
-517.040
-596.452
-611.459
-552.209
-442.434
-331.783
-238.422
-147.406
-80.839
-88.485
-152.799
-246.732
-265.304
-255.660
-205.327
-96.208
-4.056
88.251
205.000
326.985
444.927
544.741
604.163
613.122
571.431
541.034
511.833
512.890
546.282
564.126
586.570
596.429
609.599
623.519
569.628
537.060
507.822
491.091
474.421
417.583
368.610
315.215
260.704
221.692
163.153
86.911
-2.103
-88.105
-178.241
-279.026
-414.497
-574.855
-716.775
-818.149
-848.664
-789.354
-638.406
-431.690
-234.937
-91.522
16.362
41.929
0.475
-66.134
-162.007
-224.482
-263.503
-247.151
-183.341
-110.470
-28.502
4.465
10.660
6.421
11.982
26.317
55.210
107.795
181.332
256.273
264.016
226.264
195.694
137.383
59.722
4.305
-30.137
-57.553
-84.126
-87.925
-37.951
19.718
124.824
200.471
242.332
265.044
230.156
124.245
-40.336
-180.741
-311.673
-416.091
-476.849
-472.050
-406.351
-294.293
-174.668
-17.345
133.654
244.669
315.722
303.905
199.123
32.830
-98.053
-169.254
-228.612
-234.241
-261.412
-288.776
-300.117
-258.071
-192.207
-138.087
-82.690
-32.266
-16.474
-18.985
-46.709
-28.013
-8.532
24.095
91.776
149.625
188.666
218.036
231.238
240.628
223.398
203.106
202.585
193.919
174.808
155.450
110.555
63.450
34.810
45.712
77.890
138.716
203.605
203.989
152.092
76.332
22.010
-6.145
-9.254
26.466
74.723
126.583
214.230
255.805
244.335
206.724
122.773
42.689
-87.097
-194.569
-274.482
-318.796
-324.952
-304.252
-311.669
-321.675
-352.117
-354.901
-346.969
-319.263
-287.307
-228.385
-179.190
-146.161
-140.280
-155.390
-207.661
-231.642
-247.237
-245.666
-242.450
-265.638
-239.077
-216.322
-174.186
-123.463
-42.302
47.216
110.708
173.480
213.289
255.984
272.538
280.946
277.115
249.570
244.427
258.384
287.248
301.419
293.457
260.691
210.904
160.403
121.298
105.935
93.152
109.343
95.644
65.775
11.431
-22.933
-70.634
-91.542
-79.710
-52.458
-48.006
-49.330
-49.644
-88.583
-158.288
-231.824
-290.530
-306.030
-243.253
-149.685
-56.937
33.806
97.447
133.204
136.127
140.654
146.625
138.022
116.367
60.235
12.470
-0.338
20.647
26.265
46.385
60.449
82.241
98.696
99.167
60.705
15.923
-9.789
-5.119
34.695
91.612
100.945
119.032
101.270
95.994
88.386
49.559
14.712
-61.109
-106.501
-120.354
-136.277
-131.451
-130.581
-134.716
-136.155
-144.036
-139.061
-116.633
-80.219
-48.908
-19.195
-30.564
-61.635
-86.471
-129.224
-159.083
-165.798
-153.895
-137.653
-120.076
-93.660
-69.886
-78.673
-45.693
8.823
57.613
124.689
147.730
159.382
158.347
144.603
129.142
135.241
145.362
139.952
102.874
55.058
30.086
46.163
65.552
59.443
74.830
68.123
72.359
65.187
62.230
87.983
99.686
127.840
145.228
142.670
107.565
87.325
107.353
134.484
177.353
212.416
243.809
255.538
259.383
254.328
228.886
188.085
165.988
115.573
39.142
-4.485
-48.193
-53.600
-32.145
-13.037
30.763
67.594
77.334
75.037
78.907
32.106
3.980
-38.559
-82.908
-138.206
-190.923
-226.622
-239.674
-223.456
-216.187
-176.491
-157.795
-134.835
-156.269
-170.287
-145.193
-149.028
-153.406
-182.778
-210.157
-216.165
-239.121
-218.972
-165.552
-80.147
-4.408
54.006
64.734
53.672
53.556
31.957
1.528
16.090
39.503
28.696
38.775
64.114
86.678
73.771
90.433
94.426
73.044
42.233
50.998
40.648
68.733
50.635
38.283
20.367
10.328
-9.918
-20.390
-48.274
-62.175
-69.625
-90.285
-93.229
-92.922
-79.894
-67.952
-70.910
-79.697
-68.569
-80.681
-88.069
-63.762
-22.085
34.319
79.960
113.685
172.681
216.286
257.736
241.076
224.205
188.738
137.312
78.002
40.270
22.628
21.936
24.379
54.937
70.331
75.227
64.719
50.370
39.915
8.174
-28.590
-62.224
-97.410
-108.542
-118.954
-129.368
-113.695
-101.115
-142.070
-152.026
-158.193
-167.281
-163.246
-173.678
-168.165
-168.005
-168.458
-169.606
-170.555
-166.533
-136.640
-111.280
-73.030
-13.067
21.209
23.441
47.697
60.153
56.081
62.449
51.813
57.525
46.054
22.877
-3.286
-23.930
-25.556
-31.571
-7.945
0.719
2.629
2.479
9.742
30.849
43.451
55.666
65.180
61.522
67.380
66.375
36.286
28.776
6.367
4.462
-3.558
-11.132
13.723
13.684
4.249
-20.527
-52.038
-83.200
-100.636
-92.524
-65.528
-35.808
-3.260
8.745
19.706
33.316
58.125
85.628
110.874
119.164
104.850
58.944
57.721
58.074
57.048
42.989
11.969
-7.554
-27.249
-46.078
-70.415
-82.441
-113.428
-139.537
-181.259
-187.833
-179.615
-163.093
-165.599
-143.845
-90.446
-34.656
18.665
60.981
95.381
93.552
50.278
14.927
-5.853
-26.730
-32.109
-29.708
6.498
26.350
42.133
47.510
39.955
12.523
-7.444
-23.444
-38.813
-60.122
-87.479
-110.493
-113.277
-97.119
-71.961
-37.443
-8.705
1.302
6.332
-22.480
-21.976
-25.171
-17.005
3.611
27.675
98.874
138.063
171.399
200.051
219.454
236.459
246.237
241.556
233.144
236.897
232.731
230.242
214.253
201.005
192.446
189.752
175.780
193.119
183.983
143.769
125.955
115.993
89.013
58.689
36.990
33.432
16.711
9.745
7.073
-4.872
-3.524
1.588
12.162
27.570
50.065
56.350
50.224
36.108
7.207
-22.154
-42.794
-54.583
-43.335
-47.680
-35.085
-23.951
-0.771
0.581
-23.823
-26.833
-21.149
-33.393
-38.611
-37.000
-41.853
-44.497
-45.415
-64.124
-62.699
-60.901
-70.989
-58.806
-65.921
-60.214
-43.458
-34.388
6.627
48.065
84.505
85.648
63.680
58.767
50.977
40.545
11.516
-0.506
4.683
-28.393
-27.984
-48.749
-60.806
-89.320
-111.783
-118.390
-117.451
-127.129
-103.556
-75.612
-62.204
-43.881
-38.457
-42.202
-32.557
-54.161
-54.153
-45.668
-44.817
-46.027
-59.521
-58.543
-48.383
-53.526
-76.215
-75.211
-85.865
-101.897
-107.562
-92.843
-79.793
-76.762
-79.402
-73.546
-58.779
-49.706
-60.253
-67.712
-80.608
-69.513
-73.421
-83.055
-66.985
-45.291
-39.683
-12.739
27.491
78.373
102.418
116.947
