3.950
3.957
3.972
3.979
3.994
4.001
4.016
4.023
4.038
4.045
4.052
4.067
4.075
4.082
4.096
4.119
4.133
4.119
4.111
4.155
4.199
4.309
4.185
4.119
4.031
4.177
4.199
4.229
4.536
4.573
4.324
3.840
3.664
4.031
4.499
4.339
4.998
5.049
4.250
4.023
3.562
4.727
5.203
3.730
5.394
5.225
4.258
4.976
4.551
7.064
5.247
3.745
4.932
2.513
4.250
6.713
3.444
2.829
-0.667
-0.345
2.257
3.136
2.756
1.436
8.413
16.913
10.867
1.840
-4.272
-3.583
-9.548
-1.312
7.394
6.610
3.722
1.994
-3.364
4.214
-3.056
5.452
8.032
-3.342
-27.224
-17.390
17.133
7.731
-0.264
1.700
1.664
1.444
2.235
-18.350
3.847
1.620
1.055
5.878
18.511
18.467
19.090
-22.718
-0.777
-27.510
7.247
-2.924
18.988
38.517
-26.836
1.913
55.959
6.962
15.140
-0.762
-9.908
28.822
13.506
-48.704
-63.624
-32.846
30.273
28.046
50.939
12.187
-49.092
-38.004
-38.422
26.565
-0.557
64.423
105.762
28.565
-23.392
-65.023
-46.733
-1.957
53.394
33.571
42.878
-17.310
-91.295
-33.204
-2.983
31.093
-59.132
-84.883
-29.415
-6.067
-15.045
-57.974
-48.938
-12.209
-6.156
54.324
80.809
16.459
31.702
110.971
115.676
77.101
-25.869
33.578
28.046
-6.368
-91.815
21.677
-29.936
-22.952
0.095
-6.837
45.530
13.169
32.046
111.858
151.153
30.486
24.058
29.518
59.044
54.910
26.653
24.924
98.440
-33.285
-108.612
-61.477
-90.775
-63.133
-75.855
-51.583
-73.458
-69.750
-31.336
129.703
114.695
-91.867
-145.290
-200.040
-259.582
-274.839
-219.510
-216.000
-113.654
-106.443
-77.540
-98.697
-117.084
-63.426
146.353
347.828
402.570
310.483
118.938
-56.406
-82.377
-87.741
-86.085
-114.753
-89.163
90.438
56.852
-94.080
-128.611
-208.130
-62.693
37.806
105.029
-2.851
4.734
61.696
99.994
117.823
-10.494
-54.097
-149.951
-127.936
23.670
-50.397
-0.689
18.944
121.707
186.101
137.412
-132.502
-143.194
11.176
-89.023
-119.055
-42.028
39.360
234.138
226.611
170.887
112.606
11.176
129.490
321.066
261.787
110.774
24.058
171.400
280.679
71.333
-176.061
-372.055
-504.199
-546.512
-314.125
67.698
368.142
387.005
196.339
-121.796
-210.086
-30.104
378.387
576.851
422.012
226.956
245.438
85.814
-179.623
-356.805
-245.643
-142.681
-85.191
-55.636
116.541
429.897
374.246
35.887
-297.820
-531.276
-638.518
-539.447
-131.227
315.005
196.316
-226.531
-741.729
-680.663
-476.036
-253.953
-20.380
75.107
100.295
113.038
-76.529
-123.056
-87.023
4.565
12.626
-45.794
-83.044
-97.751
-102.237
-82.494
177.212
596.190
497.647
377.940
245.137
269.372
440.252
215.055
179.945
18.834
52.925
-42.218
-65.478
-35.535
-63.426
-363.386
-518.019
-268.573
210.716
68.548
-204.840
-296.501
-263.443
-129.527
-31.746
221.225
281.632
201.146
207.631
13.191
143.751
196.998
-103.365
-425.200
-438.208
-197.306
229.880
728.853
893.270
625.605
85.382
-576.836
-697.291
-649.349
63.565
539.403
72.037
-477.428
-880.555
-716.798
-295.006
125.628
361.495
426.944
323.755
419.733
432.315
418.069
231.814
55.262
-240.608
-234.108
75.598
455.846
405.179
138.342
-356.754
-585.799
-438.698
-241.034
90.277
625.987
753.359
419.367
-392.156
-938.074
-818.324
-371.872
-202.538
69.259
193.319
49.041
-190.879
-506.800
-370.868
147.708
543.639
669.252
320.823
191.047
96.960
16.327
-157.931
-130.370
1.481
28.214
39.946
156.700
237.157
140.864
-48.557
128.413
159.089
15.814
-219.188
-414.222
-174.889
-241.671
-79.922
125.167
86.576
73.649
-80.127
-74.308
-403.244
-512.729
-144.139
265.524
45.208
-287.172
-251.058
35.667
356.153
398.481
273.483
-152.215
-130.509
-163.552
-203.769
22.388
272.618
419.990
73.487
-153.205
-246.383
-138.665
323.044
555.181
307.772
213.831
-239.194
-485.738
-436.690
-284.901
-190.938
-283.303
-252.451
-40.730
-35.359
54.750
149.892
129.300
-57.168
-65.017
-237.560
-98.513
99.539
421.213
331.823
-21.347
-72.704
-166.271
-266.851
-200.406
28.925
356.006
195.620
-4.258
-72.117
-301.572
-359.187
-175.417
-38.305
177.145
381.875
419.029
413.284
339.789
148.646
-267.943
-563.946
-463.307
-283.362
-143.209
44.797
251.791
230.884
194.814
369.505
565.917
648.404
521.713
414.471
366.933
390.669
441.168
565.558
545.156
183.448
-361.107
-432.257
-221.585
-160.284
-83.183
-60.326
13.696
234.541
-162.277
-867.592
-867.599
-413.878
-70.513
-176.633
-220.515
-315.811
-222.171
-210.321
114.130
547.112
718.014
432.352
-21.765
-531.159
-925.184
-960.653
-615.309
-243.767
26.785
-38.026
-294.347
-494.877
-565.096
-565.353
-322.428
128.838
788.402
1106.947
1082.338
967.578
468.099
-235.303
-176.010
58.773
374.232
641.573
762.160
785.573
745.598
464.553
-89.177
-450.057
-535.907
-644.454
-710.181
-375.455
132.070
84.649
93.780
33.351
22.783
46.534
-38.759
-135.038
-248.838
-59.374
-249.505
-671.326
-803.799
-723.196
-438.112
-134.627
36.964
-223.138
-225.410
-171.159
87.338
117.721
149.841
228.495
326.202
249.270
-275.637
-836.732
-617.750
-405.003
-398.422
-412.771
58.076
654.251
709.060
576.785
673.488
700.786
492.026
220.749
10.230
-131.132
-270.061
-316.258
-135.038
374.987
843.416
1040.363
883.296
608.985
372.253
175.519
201.365
576.712
862.095
853.301
608.465
347.601
256.606
432.074
588.136
614.899
622.044
735.558
921.198
1091.404
1075.970
1064.934
1042.810
998.364
960.704
789.671
576.469
340.295
64.496
-138.709
-479.451
-549.451
-696.228
-664.130
-641.134
-899.799
-1178.720
-1480.827
-1723.355
-1943.020
-2084.719
-2169.147
-2133.151
-2032.571
-1804.113
-1228.251
-146.513
282.519
53.951
-383.810
-867.900
-426.973
39.763
1365.920
2138.706
2594.369
2349.173
2132.851
1436.850
-67.911
-1147.201
-1352.678
-1120.651
-809.295
-586.502
-611.887
-694.432
-642.761
-650.441
-432.403
-93.890
207.089
284.454
-74.602
-448.790
-699.137
-944.663
-1091.998
-1053.971
-672.938
207.902
630.984
716.541
831.705
838.213
668.219
627.130
447.565
137.361
-20.724
107.425
316.983
292.742
-165.970
-636.048
-601.335
-105.703
278.298
277.403
119.765
162.629
202.817
194.411
176.911
142.351
128.852
29.591
-97.341
-153.365
-7.878
131.615
372.898
526.740
469.081
515.088
487.900
313.173
-183.631
-392.787
-208.767
-105.439
101.621
31.541
-179.799
-365.768
-447.866
-466.318
-509.577
-351.031
-9.204
17.639
-69.728
-404.828
-462.413
-396.693
-415.043
-486.911
-464.619
-112.020
399.968
667.039
721.657
456.851
18.826
-34.414
210.248
370.641
559.490
662.129
634.231
233.874
-345.872
-553.312
-534.493
-481.964
-210.233
165.406
162.922
65.493
-45.626
100.654
216.997
-182.400
-469.733
-286.381
42.072
198.750
-41.375
-386.793
-458.961
-350.379
-238.205
-214.637
17.023
297.681
352.907
122.558
-10.186
89.493
197.768
304.211
252.927
167.084
-141.318
-190.798
-53.078
29.819
-74.316
-243.026
-229.139
204.202
516.950
489.747
516.883
444.612
468.950
243.649
-119.421
-238.630
-197.695
-80.090
150.192
176.493
122.338
56.882
37.982
-42.951
-114.292
-74.660
-37.550
100.822
180.986
221.782
251.916
369.285
367.057
273.937
0.630
-395.103
-547.515
-540.862
-712.020
-785.757
-760.005
-766.447
-734.269
-690.321
-485.423
-98.059
203.117
354.035
403.310
199.087
17.873
-161.258
-331.538
-371.887
-300.722
-31.336
84.223
33.937
-9.204
-179.660
-353.522
-337.510
-112.994
198.559
371.381
401.478
342.977
180.634
-33.681
-229.374
-179.710
85.044
241.283
305.456
364.419
176.728
-88.547
-289.239
-295.981
-104.736
254.855
493.887
458.880
219.437
-69.032
-170.133
-288.110
-153.454
107.615
220.390
113.170
14.759
-55.585
30.977
199.783
273.703
211.420
18.804
-282.049
-500.307
-480.286
-403.904
-354.622
-319.753
-219.759
12.187
29.211
-135.162
-254.290
-303.778
-279.551
-283.926
-321.315
-301.162
-273.043
-189.648
61.000
253.756
210.306
35.161
-154.538
-147.254
48.235
395.191
598.506
665.112
684.136
509.049
275.645
8.545
-110.832
-32.244
86.752
200.142
255.448
241.583
124.023
-15.133
-108.077
-134.217
-124.221
-99.730
-42.870
-59.490
-70.996
-42.049
-26.997
-12.267
-93.494
-100.632
82.641
232.672
228.502
112.437
-61.931
-111.016
17.705
138.929
203.132
112.569
15.287
-42.739
-115.691
-63.777
67.794
151.915
180.121
209.068
215.875
226.802
227.344
286.820
370.678
455.612
534.457
503.363
433.539
333.435
227.571
123.591
67.435
5.760
-63.580
-170.397
-217.707
-170.147
-95.179
-119.121
-145.481
-145.942
-45.985
77.540
188.417
262.564
192.608
59.293
-3.745
29.151
56.127
59.864
86.092
114.878
35.754
-21.882
-73.964
-133.455
-220.632
-303.727
-345.161
-302.429
-207.397
-159.404
-197.570
-157.711
-56.626
41.470
91.786
65.661
85.623
112.547
71.275
13.125
-15.661
-184.584
-312.029
-365.115
-284.996
-140.944
22.432
68.446
106.817
167.399
159.741
156.084
134.869
165.054
219.738
235.229
237.003
193.737
175.453
171.423
90.849
57.285
90.226
215.869
349.118
405.758
426.343
451.075
427.838
430.843
467.051
510.691
531.665
515.124
449.397
330.145
250.011
161.939
95.128
21.765
-88.855
-134.620
-179.850
-175.607
-92.255
-14.261
13.257
4.778
-33.974
-74.426
-100.119
-129.563
-142.490
-105.292
-14.715
30.185
-3.437
-82.362
-189.464
-246.193
-215.817
-219.503
-209.163
-197.371
-166.893
-158.547
-200.867
-240.704
-238.556
-238.989
-213.391
-176.339
-153.703
-153.798
-162.277
-173.240
-176.889
-179.476
-201.798
-215.707
-227.417
-206.041
-130.391
-1.429
33.951
-16.701
-83.132
-162.855
-175.094
-142.300
-100.698
-51.950
-21.472
-10.245
-6.434
23.246
62.906
72.301
32.559
-35.212
-48.594
-25.290
-24.968
-35.498
-41.236
-118.359
-201.300
-219.115
-200.398
-150.962
-74.968
19.655
77.943
62.458
-6.346
-99.855
-168.513
-144.052
-102.610
-59.689
-18.958
-21.047
-91.258
-146.829
-106.875
15.822
89.002
150.551
189.831
214.938
210.328
126.024
22.886
-83.974
-124.514
-116.974
-95.765
-62.173
4.954
81.835
151.307
191.341
213.604
185.646
142.652
146.609
147.085
137.969
100.111
11.930
-19.207
4.661
40.437
23.744
48.176
40.305
-3.855
-61.345
-133.052
-194.081
-247.695
-277.990
-300.070
-299.916
-299.044
-253.953
-172.602
-126.192
-113.507
-99.056
-62.063
-10.992
49.078
52.060
36.766
9.864
4.082
-33.087
-63.338
-42.438
-20.577
17.918
-20.263
-49.371
-48.432
-48.117
-46.380
-2.338
-5.628
-21.670
-63.653
-94.893
-89.661
-90.196
-43.676
15.558
19.229
36.451
52.998
39.748
8.985
-58.809
-140.365
-146.440
-116.226
-74.089
-55.577
-33.050
-4.638
42.482
105.710
144.887
160.533
144.586
120.461
100.771
68.871
14.847
-33.116
-74.961
-111.558
-115.435
-118.783
-117.772
-110.452
-86.437
-37.191
40.913
95.443
120.103
96.638
58.956
7.834
-29.452
-58.882
-68.314
-44.255
-32.113
23.032
76.001
76.441
56.237
34.245
35.777
12.216
15.777
5.481
-12.539
-44.006
-47.802
-53.035
-69.413
-72.814
-109.960
-109.960
-93.304
-67.596
-44.438
-42.922
-24.132
8.765
29.635
23.377
-2.910
-30.617
-66.292
-67.765
-75.708
-110.165
-144.660
-153.988
-177.380
-203.960
-214.886
-199.622
-198.302
-195.972
-195.826
-195.928
-170.660
-146.528
-92.204
-48.652
-26.345
-41.962
-106.641
-156.773
-172.998
-183.844
-175.710
-159.419
-126.295
-90.159
-24.689
41.426
89.485
101.481
118.454
141.362
136.848
119.246
102.441
73.385
49.957
46.849
35.740
27.891
18.606
9.563
18.122
30.361
37.029
62.049
101.269
135.067
163.017
171.723
175.328
223.130
267.606
259.252
211.985
150.676
83.505
37.799
53.804
99.855
129.805
116.424
103.490
91.083
102.177
123.056
143.311
141.428
139.985
118.461
131.704
157.081
187.090
207.221
224.339
212.344
201.263
204.253
204.861
192.616
180.136
149.585
136.767
113.112
86.979
41.808
-16.753
-24.498
-28.060
-28.140
-27.979
-18.277
-27.203
-22.739
-5.811
-6.544
-5.489
30.918
42.863
81.519
123.319
154.707
161.192
158.598
151.907
127.475
117.956
84.905
62.576
40.950
6.954
-24.828
-23.216
-28.917
-8.354
-18.416
-27.686
0.491
12.370
58.663
75.525
79.629
95.362
99.334
98.426
75.672
50.843
34.758
64.921
119.780
119.223
99.737
46.205
12.634
-10.186
-45.897
-55.035
-45.443
-43.310
-42.834
-28.991
-31.343
-30.610
-42.519
-60.575
-87.543
-92.841
-111.125
-128.831
-107.161
-111.507
-73.546
-44.717
-23.912
-2.008
33.754
58.531
101.188
136.504
136.738
119.136
99.782
84.759
64.510
44.497
31.592
33.988
59.241
70.608
55.826
54.156
42.446
44.731
64.364
73.253
62.979
36.869
17.206
16.510
14.759
12.400
12.326
-9.241
-16.166
-28.404
-22.982
-11.417
16.327
7.328
-22.593
-53.863
-68.761
-71.817
-58.553
-59.762
-59.256
-70.739
-86.825
-92.893
-90.365
-90.020
-72.022
-69.904
-66.299
-67.713
-70.220
-92.791
-111.243
-113.522
-113.779
-142.058
-185.536
-218.953
-237.201
-238.234
-239.780
-230.408
-198.295
-173.855
-129.270
-89.206
-48.718
-25.187
-2.895
33.204
55.841
52.895
58.582
56.259
69.296
83.623
94.623
79.387
45.787
-1.795
-29.987
-28.397
-5.936
15.822
13.235
12.795
13.037
37.667
45.882
47.765
51.327
78.881
75.892
76.544
75.957
76.111
102.493
124.954
138.043
139.735
139.178
139.193
158.664
160.445
183.338
162.130
159.118
164.343
135.214
136.379
117.237
85.975
69.142
55.160
54.295
59.381
57.058
50.455
25.356
15.360
12.744
4.045
-7.600
-32.428
-49.869
-30.397
-41.038
-49.041
-50.272
-49.905
-42.482
-38.049
-23.861
-31.519
-50.133
-77.614
-96.498
-110.693
-138.269
-153.380
-156.018
-155.447
-166.615
-175.849
-198.471
-214.293
-194.946
-168.916
-135.661
-109.719
-100.229
-113.331
-144.301
-166.388
-173.921
-176.823
-176.692
-150.229
-128.794
-110.525
-93.809
-87.478
-59.425
-51.884
-38.209
-44.871
-48.162
-67.574
-67.750
-61.330
-52.309
-23.333
-4.206
-2.272
0.989
-9.702
-14.928
-25.817
-29.760
-28.698
-28.426
-10.230
10.032
11.197
37.528
43.588
49.041
34.479
31.621
34.963
35.630
37.536
39.580
53.386
55.153
55.409
43.779
33.380
34.509
11.769
-11.850
-6.984
-28.514
-32.948
-63.807
-80.200
-89.991
-91.750
-91.925
-105.299
-109.594
-110.129
-101.921
-94.828
-90.892
-91.054
-97.744
-104.970
-93.677
-90.431
-90.922
-91.288
-114.416
-122.602
-129.791
-133.792
-133.652
-133.477
-129.050
-115.134
-111.478
-138.342
-133.139
-140.681
-154.538
-155.220
-154.611
-147.429
-135.895
-120.110
-115.449
-111.954
-111.683
-92.021
-87.961
-63.052
-42.240
-30.844
-43.925
-46.087
-42.189
-31.160
-3.371
16.701
38.188
34.120
16.504
19.295
35.095
36.319
53.884
39.499
11.300
-28.038
-49.334
-48.777
-60.341
-67.068
-70.256
-70.102
-44.724
-48.571
-22.769
-3.906
25.730
67.449
96.579
96.997
96.623
80.061
77.591
55.614
83.476
69.252
80.039
75.034
83.777
98.733
99.569
99.855
98.243
73.905
64.166
60.128
56.318
56.273
56.442
74.169
85.850
95.780
125.035
120.484
99.276
97.847
99.070
99.364
120.088
142.710
161.405
169.811
180.048
183.932
209.947
204.883
226.678
246.530
244.705
246.332
246.654
226.575
224.611
225.424
226.348
249.695
247.856
246.478
230.759
220.808
207.544
179.403
183.829
177.278
189.970
177.255
164.343
161.625
164.974
162.262
162.387
166.051
184.540
200.508
204.480
178.875
184.196
160.987
162.247
162.922
162.695
181.631
181.572
208.437
203.696
199.321
185.346
203.337
199.841
183.814
181.711
159.617
148.492
118.395
118.476
94.725
73.136
70.739
59.505
56.069
57.234
41.500
36.539
37.073
11.527
16.210
-5.504
-14.378
-22.285
-34.714
-47.385
-69.054
-83.183
-88.240
-92.805
-93.692
-95.311
-111.873
-117.611
-118.043
-122.785
-114.357
-117.713
-97.034
-90.064
-77.122
-73.597
-73.422
-72.799
-98.104
-113.368
-110.305
-112.540
-106.216
-95.136
-101.342
-111.338
-112.760
-125.826
-122.418
-135.712
-153.190
-168.440
-171.723
-174.596
-173.899
-173.855
-173.760
-200.083
-216.228
-212.857
-215.084
-215.516
-193.744
-168.916
-174.522
-173.841
-168.681
-151.805
-151.423
-152.435
-127.820
-131.850
-131.447
-114.870
-112.591
-109.821
-85.631
-82.362
-58.179
-50.067
-28.023
-27.327
-26.272
-13.462
-8.376
-4.104
0.264
15.822
17.844
17.148
16.833
-2.931
-30.024
-23.077
-23.421
-9.351
-4.280
-9.548
-1.099
9.585
15.463
37.432
40.261
65.844
89.302
97.701
125.694
122.220
121.671
99.313
102.661
100.573
100.712
76.280
77.518
95.993
95.597
99.679
89.756
82.560
79.284
79.467
79.600
102.837
99.554
118.959
121.158
95.092
74.550
46.982
41.316
13.814
17.515
-7.211
-11.872
-21.721
-46.952
-47.655
-65.976
-90.401
-93.501
-107.997
-110.246
-109.521
-109.440
-109.469
-109.477
-109.469
-110.363
-110.224
-110.195
-110.202
-110.202
-109.426
-110.342
-106.428
-113.207
-112.525
-128.977
-131.586
-125.884
-111.697
-108.730
-109.389
-109.506
-109.477
-109.945
-109.499
-109.785
-110.092
-110.415
-106.604
-112.232
-111.133
-110.869
-97.671
-92.761
-88.936
-70.226
-86.348
-113.698
-123.892
-129.930
-134.825
-135.368
-137.185
-144.689
-161.119
-151.863
-153.974
-150.918
-146.690
-124.808
-120.110
-109.337
-99.319
-84.290
-83.535
-80.567
-62.796
-40.394
-14.539
6.647
24.799
45.640
19.581
24.638
24.191
23.751
23.685
23.370
23.685
-0.916
1.576
0.681
-17.933
-20.548
-24.425
-19.171
-39.748
-39.887
-41.360
-41.185
-41.485
-41.573
-41.566
-43.720
-61.506
-63.008
-62.114
-62.085
-62.165
-85.103
-88.965
-101.614
-105.351
-105.124
-106.055
-106.171
-106.186
-106.348
-105.930
-104.134
-82.076
-85.550
-74.177
-64.613
-43.222
-53.035
-60.113
-59.754
-61.579
-42.951
-15.155
5.284
22.739
39.624
44.101
46.124
61.301
65.903
90.013
88.716
87.668
98.572
100.932
106.574
119.714
130.956
130.179
131.777
138.973
134.239
153.490
152.501
151.350
157.916
149.745
133.587
128.486
131.579
132.670
132.356
131.594
131.535
131.659
131.645
131.542
131.527
131.520
131.469
107.366
109.565
110.437
110.232
125.907
129.849
115.684
138.739
131.608
130.919
137.353
142.146
155.117
162.328
173.834
171.701
173.577
173.870
173.789
173.760
173.789
161.713
154.355
129.768
126.486
114.467
99.195
93.215
91.347
90.870
90.526
80.765
90.211
89.507
83.264
81.872
82.260
90.929
111.382
115.508
130.948
134.363
137.046
113.112
117.406
117.186
116.791
116.893
116.907
116.732
117.655
117.464
117.443
112.240
116.578
117.787
96.989
99.342
97.803
97.458
76.060
49.686
31.746
22.395
13.945
-5.291
-7.490
10.296
13.198
14.745
14.730
25.935
18.122
14.261
13.616
13.770
13.895
13.652
8.940
-4.499
-7.453
-18.475
-2.447
-8.032
-7.820
-7.548
-0.909
1.715
-11.762
-6.493
12.722
12.480
13.447
14.238
15.924
12.077
13.762
14.004
13.418
9.417
-5.342
-8.113
-29.159
-28.016
-28.229
-28.089
-29.350
-27.276
-49.422
-51.012
-63.441
-68.666
-70.556
-72.696
-92.519
-91.852
-91.522
-91.661
-99.225
-92.182
-91.310
-91.721
-91.537
-76.881
-71.817
-70.380
-58.545
-48.909
-49.884
-50.199
-50.125
-50.133
-50.147
-42.819
-36.209
-32.105
-43.053
-45.032
-53.768
-47.619
-49.180
-36.934
-36.861
-42.321
-37.821
-26.513
-28.858
-38.576
-42.431
-49.319
-50.499
-31.980
-52.902
-50.382
-50.308
-57.029
-73.869
-75.686
-93.281
-93.200
-117.516
-114.855
-121.473
-129.124
-124.763
-134.195
-133.418
-134.547
-134.356
-142.095
-149.694
-156.722
-155.037
-154.861
-155.828
-155.791
-143.099
-134.254
-135.514
-128.347
-114.841
-116.438
-90.980
-121.612
-119.289
-117.582
-118.674
-117.560
-121.194
-119.260
-119.121
-96.073
-97.847
-99.649
-74.990
-58.171
-60.890
-59.007
-59.249
-60.290
-76.104
-78.566
-107.579
-102.141
-102.361
-102.823
-102.991
-78.075
-81.241
-59.960
-62.253
-60.003
-42.878
-38.986
-39.873
-40.643
-40.745
-40.730
-21.420
-21.406
-21.025
-21.069
-22.220
-23.333
-23.311
-23.919
-24.073
-24.132
-24.725
-24.858
-25.400
-25.481
-25.620
-25.641
-25.664
-17.009
-7.072
-6.647
-6.830
1.817
12.238
13.147
12.275
12.238
12.267
12.092
11.784
11.667
18.262
10.882
11.307
12.099
37.646
33.212
32.171
7.600
-14.063
-51.452
-53.614
-35.893
9.029
72.272
116.783
121.927
113.310
91.881
76.353
74.748
68.812
19.515
13.447
10.230
35.579
70.835
95.736
93.150
95.011
73.048
55.028
24.916
32.325
55.453
75.503
74.162
73.597
74.154
86.495
100.192
113.229
139.684
137.470
130.597
115.435
115.339
116.153
116.109
116.050
116.028
116.014
115.991
113.067
95.854
96.638
69.743
89.126
91.552
94.564
115.970
93.215
95.282
95.655
73.180
61.968
55.160
51.679
74.272
71.670
80.164
73.942
