-1.180
-1.180
-1.173
-1.173
-1.165
-1.165
-1.158
-1.158
-1.151
-1.151
-1.151
-1.136
-1.136
-1.136
-1.143
-1.128
-1.143
-1.151
-1.092
-1.107
-1.114
-1.099
-1.092
-1.238
-1.099
-0.924
-0.968
-0.989
-1.202
-1.217
-1.348
-1.165
-1.026
-0.748
-0.681
-0.681
-1.165
-1.678
-1.898
-2.418
-0.586
0.183
0.271
-2.067
-3.620
-1.722
-1.048
0.345
1.297
-0.601
-1.436
-1.290
-2.536
-4.038
-3.115
0.557
2.096
-1.304
-2.960
-2.557
-0.879
0.337
2.829
-2.418
-5.255
-4.375
-3.847
-1.561
-4.734
-0.843
-0.997
1.949
7.277
-2.675
-7.724
-13.198
0.586
1.151
5.306
0.879
-0.322
-0.864
8.303
6.317
-1.678
9.219
-5.430
0.660
23.026
8.516
-3.759
-9.322
-8.310
-4.243
22.820
2.594
-24.139
-3.847
-5.306
41.764
10.934
17.866
1.078
-4.353
11.403
3.437
16.159
19.464
-22.300
18.328
-16.664
-10.055
-8.142
-0.235
34.699
13.147
2.287
-33.754
7.541
-8.076
-3.965
41.456
-16.217
-61.931
39.484
35.131
6.815
7.805
-33.241
-40.554
-42.130
-25.722
-23.172
24.784
21.670
-45.084
-64.225
-4.031
55.093
123.386
43.691
-38.444
-64.730
-40.577
18.944
31.123
31.050
105.029
95.545
16.034
-31.307
-39.081
-28.060
85.872
117.267
104.508
95.524
32.867
22.673
17.991
8.742
-0.220
40.217
-25.876
-70.923
-52.888
-47.619
0.425
29.870
94.469
140.893
139.061
74.374
40.122
75.180
146.411
136.774
32.728
-56.713
-87.588
-197.401
-193.458
-46.175
-36.385
-45.640
-30.617
-39.470
-45.787
40.657
-13.469
-27.649
-30.427
-51.979
-142.300
-191.751
-196.954
-68.988
-100.455
-151.797
-38.928
73.055
49.385
-58.377
-137.698
-116.856
-39.228
-80.208
-145.788
-66.782
-31.556
172.822
129.901
33.175
-25.554
40.774
130.648
214.556
213.977
22.359
-231.214
-170.110
85.631
110.532
-13.806
-174.713
-267.056
-168.667
133.939
184.284
123.349
161.170
140.797
200.802
160.298
1.510
-1.282
66.174
21.120
-61.667
-13.777
-8.684
-171.130
-119.729
8.127
15.800
-4.067
-21.347
-70.307
-66.672
-66.841
-30.244
79.863
153.292
208.078
116.035
-23.282
-1.964
123.474
168.022
201.315
187.185
309.553
354.504
235.596
80.750
-171.217
-47.795
235.185
167.919
67.999
-74.682
-68.453
-20.307
-189.773
-326.041
-229.499
52.632
95.018
30.214
-17.434
-75.063
-91.457
-101.760
35.366
24.623
84.473
-15.075
-278.012
-343.234
-366.940
-190.769
-36.516
69.765
190.483
308.446
42.922
-266.895
-115.552
-4.302
-73.840
-124.470
-165.354
-250.370
-249.842
-275.835
-375.031
-264.396
-198.962
-287.223
-286.762
-225.820
-92.270
40.957
81.344
157.990
351.594
181.433
-189.494
-228.341
-232.320
-72.052
165.494
300.861
284.578
302.979
423.492
-3.620
7.995
452.058
370.634
-21.025
-283.508
-130.194
106.516
205.866
104.706
78.574
83.813
57.021
-136.745
-202.201
-127.607
210.379
476.475
235.860
-166.330
-161.933
84.795
259.808
265.312
131.286
-50.887
-296.245
-431.509
-261.963
-116.783
50.682
21.560
111.455
313.283
99.334
-77.371
194.492
288.118
133.850
-203.938
-341.057
-264.228
-44.907
-65.177
126.925
21.677
-196.749
-61.997
-5.218
45.802
1.348
-202.927
-435.979
-452.674
-389.416
-236.050
228.048
593.581
708.187
506.243
86.913
70.901
348.150
404.417
245.570
-167.641
-596.630
-485.790
-103.438
-58.678
-225.270
-249.982
-152.970
-184.305
-481.239
-482.104
-305.287
-34.788
148.954
-5.664
-76.507
-17.566
61.396
129.139
234.761
312.440
449.478
439.175
163.845
85.982
191.465
85.316
-404.109
-392.494
-109.579
-74.015
41.983
235.295
233.617
-12.759
-175.064
-146.067
-86.239
-81.072
152.545
43.977
127.109
59.022
64.767
-65.067
-215.575
-323.967
-164.438
93.061
238.080
303.565
267.987
-90.702
-181.726
-241.011
-0.293
133.484
6.420
-80.119
-100.522
-54.786
-171.217
-18.672
285.384
437.672
577.781
285.370
-470.371
-285.985
-74.550
-33.945
-89.815
-230.906
-237.377
-151.636
-180.634
-380.724
-423.785
-165.692
256.306
524.175
316.376
42.394
-41.023
-106.098
-113.646
-124.185
-55.343
115.281
66.130
-103.299
-273.593
-112.305
153.600
-5.056
-128.516
-132.275
167.919
227.623
384.008
-12.113
-402.841
-127.988
410.235
363.063
136.174
-61.198
-47.406
171.753
317.533
394.678
278.678
84.003
-95.142
24.484
30.676
174.391
409.862
415.710
415.643
371.857
308.571
397.682
394.788
360.191
173.811
196.822
239.810
304.364
73.942
-189.933
-471.719
-553.225
-288.535
55.980
197.973
-153.922
-567.411
-738.512
-610.260
-327.895
68.981
33.901
-94.153
-359.362
-325.646
-76.522
233.397
229.154
236.776
276.913
294.229
272.574
-119.582
-253.909
-252.173
-499.552
-267.481
68.658
237.479
312.667
111.704
-138.313
-316.588
201.937
581.057
591.918
534.837
502.828
598.711
501.729
321.813
118.351
10.692
3.049
-82.318
-312.608
-411.913
-292.515
-270.588
-400.064
3.488
187.867
204.634
456.440
462.698
550.307
270.999
-365.306
-689.332
-778.055
-737.947
-615.133
-802.648
-664.298
-413.958
-264.249
-239.722
-439.842
-623.275
-726.039
-680.875
-625.649
-496.496
-324.443
-332.637
-289.414
-227.374
-199.497
-107.579
30.177
-41.243
-44.673
41.310
111.001
-48.125
-58.641
-68.754
166.520
173.804
187.156
296.266
408.770
584.025
787.692
580.852
221.907
249.988
473.288
639.866
759.199
727.014
623.099
587.132
571.017
661.631
859.582
953.384
954.233
879.258
751.761
677.365
639.155
506.990
248.347
-57.322
-89.287
-93.347
-131.191
-99.100
57.139
178.744
291.466
219.005
326.092
491.681
738.314
986.221
936.639
783.148
560.003
262.132
133.711
122.704
228.605
320.838
223.284
25.730
-233.881
-578.411
-1220.073
-1853.835
-1830.429
-1733.747
-1747.458
-1706.061
-1057.511
742.674
928.196
522.072
165.509
-153.182
-151.592
-163.860
-68.233
-217.832
-429.553
-305.009
-276.539
-405.516
-777.014
-893.738
-914.720
-951.383
-1006.792
-1105.049
-1235.946
-1212.532
-1168.262
-1003.289
-583.549
-220.031
-8.310
63.631
-110.209
-503.069
-776.413
-762.065
-711.471
-573.531
-534.713
-540.173
-458.727
-309.157
-137.903
-42.196
17.829
136.247
303.866
466.406
675.782
759.940
678.083
43.515
-944.956
-597.883
-106.458
67.090
371.029
526.733
814.506
986.697
981.949
818.734
305.735
-315.408
-56.552
213.479
140.461
293.086
305.896
386.477
517.866
510.618
328.086
257.837
326.261
497.347
585.835
638.181
618.578
596.109
607.014
686.715
707.308
205.029
-338.426
-253.982
-64.115
-44.336
-180.539
-243.994
-47.765
358.051
454.865
255.580
-46.403
-300.796
-390.068
-378.306
-156.612
-9.292
1.561
72.345
235.772
356.365
388.192
426.043
261.171
-142.146
-337.634
-237.420
-332.776
-418.135
-427.098
-259.273
-59.410
-23.802
-85.008
-177.021
-243.657
-88.174
132.634
237.545
43.801
-91.735
-96.498
-55.226
-104.699
-242.287
-3.627
341.921
412.881
433.767
388.998
-157.176
-624.052
-180.502
490.252
669.311
504.455
407.194
327.602
85.023
-120.909
-134.049
-98.931
-56.626
-23.216
-91.009
12.136
-104.237
-253.968
-251.447
-152.003
-108.392
-32.288
72.601
73.070
-68.211
-300.759
-291.957
-216.652
-90.672
-118.629
-79.849
13.931
-54.889
-232.819
-259.493
-159.484
-62.070
-91.258
-134.965
-135.638
-102.354
-70.652
-40.180
-31.826
-43.024
-18.101
24.689
30.449
122.492
278.642
252.443
108.458
21.802
125.738
275.352
229.228
64.811
-143.568
-169.979
38.195
190.813
243.371
177.658
74.110
52.199
16.247
36.934
158.319
241.788
277.403
354.562
372.715
385.568
314.353
144.777
-200.713
-241.408
-144.088
-35.505
-115.999
-212.058
-145.268
5.188
-37.066
-124.229
-163.771
-260.028
-348.883
-317.232
-286.916
-170.330
-125.943
-156.107
-179.769
-115.156
-36.510
37.733
31.372
-49.913
-51.628
64.064
103.248
62.745
31.680
-36.890
-154.898
-211.200
-176.977
-157.733
-155.762
-184.789
-274.758
-299.352
-318.940
-331.398
-340.983
-343.548
-315.848
-281.192
-160.569
-166.139
-304.518
-377.083
-374.283
-347.930
-326.122
-246.845
-33.278
184.510
308.329
268.529
65.324
-87.588
-136.027
-120.806
-23.465
84.107
52.734
-12.927
-105.417
-130.992
-105.359
21.340
161.243
276.810
337.158
414.713
495.903
499.941
474.629
476.336
410.843
296.428
219.107
99.693
81.952
107.359
161.449
193.422
293.577
363.122
354.409
275.557
134.261
-14.385
-168.388
-254.942
-300.275
-300.034
-234.299
-74.015
119.032
217.979
96.257
-24.432
-101.357
-169.539
-156.333
-122.792
-82.626
-28.595
-8.427
-43.148
-123.159
-232.166
-285.538
-275.865
-253.228
-227.710
-193.429
-118.872
18.401
199.577
298.142
283.127
226.516
193.253
216.828
203.637
157.726
172.221
260.651
257.112
243.356
253.279
290.235
343.277
369.168
393.901
389.570
373.807
346.927
335.671
284.834
224.486
200.244
199.570
199.417
201.959
217.701
216.858
157.176
135.910
126.332
163.567
221.526
205.924
147.803
113.302
97.942
96.718
69.618
71.179
88.034
90.284
70.615
32.582
44.351
108.107
90.672
-16.174
-80.933
-166.901
-284.952
-377.581
-379.090
-346.590
-293.805
-217.473
-207.910
-249.153
-263.634
-235.428
-174.794
-110.261
-98.572
-114.020
-86.049
-77.357
-116.548
-191.406
-228.993
-187.786
-155.073
-124.756
-120.227
-101.819
-52.968
-19.984
4.910
27.159
50.330
98.220
162.431
192.785
201.915
174.962
139.156
109.565
56.017
47.106
123.979
192.652
166.784
60.150
-28.052
-19.024
-13.073
-33.021
-45.384
-88.130
-117.882
-106.692
-96.960
-102.750
-140.292
-158.422
-159.910
-139.383
-139.940
-161.185
-196.441
-224.149
-231.822
-224.215
-203.513
-214.674
-173.262
-127.907
-124.712
-139.545
-129.688
-94.982
1.481
106.751
154.399
191.458
228.437
264.718
282.892
296.860
304.724
305.551
252.165
169.084
161.075
155.117
157.257
138.680
137.383
134.752
114.965
104.296
66.606
35.623
14.019
-9.901
-18.196
2.213
33.139
56.545
85.521
83.564
75.899
45.413
13.000
6.229
31.482
60.561
101.988
49.890
-47.942
-79.577
-65.918
-66.277
-93.633
-138.028
-190.058
-254.063
-301.682
-350.393
-396.846
-389.372
-369.681
-299.330
-179.814
-49.312
-30.859
-30.456
-42.020
-57.966
-65.478
-64.430
-46.263
-45.479
-32.186
-5.005
22.952
52.844
-3.269
-20.321
15.316
92.710
135.624
162.064
172.345
113.983
95.663
60.839
-34.868
-96.858
-180.913
-245.049
-280.064
-271.116
-237.501
-138.211
3.049
135.111
229.015
250.721
273.908
257.976
236.468
145.180
31.519
-49.656
-104.303
-137.515
-170.440
-182.627
-170.594
-74.968
3.452
34.428
56.003
42.416
9.373
-45.670
-67.325
-69.757
-70.131
-64.107
-50.653
-32.398
-13.469
-17.609
-25.825
-22.564
-20.702
-98.807
-150.515
-171.965
-172.756
-152.127
-149.269
-144.718
-135.551
-163.582
-195.957
-185.302
-104.787
3.269
19.566
4.888
-7.145
-29.518
-3.884
34.267
63.573
99.371
130.171
157.418
185.874
212.153
205.616
210.145
209.405
209.097
197.225
208.664
211.567
218.675
202.231
177.351
161.053
144.696
140.724
164.651
228.590
260.805
263.018
271.761
214.843
151.658
52.162
-26.184
-53.870
-55.079
-52.404
-33.585
-32.728
-33.629
-51.965
-66.760
-57.249
-55.606
-81.593
-119.267
-156.363
-180.231
-176.889
-181.272
-208.496
-223.826
-224.281
-224.017
-224.098
-224.545
-235.918
-245.394
-261.538
-260.600
-243.379
-246.310
-221.431
-187.442
-173.057
-185.170
-182.026
-143.142
-105.483
-49.217
-13.631
-14.327
-13.162
-37.426
-91.676
-142.359
-160.232
-161.002
-162.064
-183.118
-213.963
-234.519
-219.261
-197.057
-169.407
-115.552
-96.733
-76.734
-41.485
11.351
37.770
71.223
76.895
66.745
32.977
36.583
20.988
-9.461
-24.960
-31.087
-34.934
-57.475
-79.988
-101.408
-89.002
-65.324
-60.377
-33.432
-13.382
-20.966
-22.879
-24.725
-10.817
14.356
58.992
83.212
73.041
66.878
57.644
58.619
70.974
37.301
2.426
-13.337
-6.127
19.515
39.368
38.268
58.714
59.799
59.286
38.788
7.606
2.360
8.911
57.776
91.427
123.877
141.956
140.805
121.693
105.608
121.063
121.495
103.006
90.174
55.108
25.994
22.659
-2.997
-9.490
18.614
50.602
69.420
89.522
92.592
78.991
75.195
65.449
71.809
68.453
40.943
28.800
2.301
-23.282
-51.811
-50.293
-20.666
9.160
42.614
70.051
88.928
94.762
127.328
134.298
142.762
125.980
87.081
41.017
54.038
72.359
78.053
87.602
98.631
103.123
123.319
121.304
137.991
138.460
152.244
161.646
157.359
134.657
129.571
119.568
92.622
72.132
46.644
35.014
28.272
25.568
29.584
40.774
33.871
22.849
22.110
10.384
0.117
0.931
22.476
51.767
63.771
69.318
81.160
98.690
131.191
145.979
152.603
164.424
185.324
194.719
203.432
198.347
183.096
158.363
131.000
102.324
87.243
66.452
53.994
55.746
53.621
56.252
37.931
25.641
31.922
15.235
8.024
3.591
-6.273
-9.585
-18.438
-19.281
1.473
7.702
23.780
36.964
25.971
24.550
23.649
10.846
-8.772
-26.960
-39.008
-55.548
-59.293
-58.340
-36.788
-18.431
6.771
43.611
81.197
121.627
154.150
169.832
165.011
135.463
101.716
91.039
81.065
87.148
89.383
98.455
109.374
111.353
123.444
129.930
154.553
153.322
151.907
136.071
111.727
111.646
111.624
121.964
129.681
112.789
98.440
101.760
115.625
111.478
112.115
112.232
116.380
124.844
117.809
102.661
69.061
39.470
-10.055
-28.389
-48.960
-55.753
-57.124
-54.969
-42.753
-37.139
-47.582
-57.241
-91.061
-116.812
-132.956
-137.449
-148.302
-165.523
-174.361
-184.115
-185.316
-195.921
-209.104
-216.278
-207.851
-208.423
-190.336
-187.405
-184.276
-184.064
-184.196
-184.151
-195.151
-206.525
-202.231
-195.789
-198.229
-190.718
-173.570
-185.771
-166.168
-169.319
-177.190
-186.724
-198.295
-207.851
-195.803
-195.290
-188.124
-192.498
-197.672
-207.455
-209.295
-185.976
-187.823
-188.629
-197.562
-200.237
-209.530
-209.756
-209.852
-204.253
-186.570
-149.921
-124.588
-103.592
-81.747
-79.731
-63.961
-61.850
-61.960
-61.308
-67.771
-62.290
-59.872
-35.146
-37.895
-38.158
-28.199
-21.655
-30.874
-35.784
-45.230
-47.832
-58.794
-84.356
-111.661
-134.510
-132.231
-148.925
-142.110
-142.205
-142.739
-161.236
-150.376
-142.021
-119.421
-101.152
-84.722
-80.032
-71.971
-55.130
-56.699
-62.232
-71.421
-72.396
-81.145
-95.729
-112.826
-115.222
-98.360
-75.049
-53.863
-55.394
-48.008
-27.928
-8.435
5.533
8.171
13.322
12.913
10.670
9.014
7.292
12.971
6.690
12.187
5.255
-1.597
6.720
7.907
7.372
7.380
7.394
12.846
26.177
31.248
58.414
79.533
90.585
111.125
134.935
157.235
177.718
201.072
214.718
221.958
216.293
219.444
226.326
239.216
239.890
229.851
208.599
184.892
158.921
133.887
110.070
102.141
92.204
89.082
85.264
90.797
92.585
92.255
78.800
59.864
47.238
39.697
41.639
49.246
49.268
36.202
16.459
0.704
-21.648
-36.971
-55.805
-69.464
-90.665
-111.492
-118.556
-120.029
-101.218
-100.668
-86.268
-78.574
-57.739
-35.542
-35.007
-22.696
-8.750
7.064
-3.906
-15.829
-12.466
-14.356
-8.479
17.031
32.611
51.679
49.840
65.515
79.980
101.284
102.134
91.977
80.765
70.307
68.241
69.765
76.653
82.604
89.808
92.497
88.672
73.942
71.780
70.615
71.699
72.601
92.365
115.464
115.354
134.012
135.177
134.275
149.599
154.948
178.091
193.649
214.153
216.506
225.139
239.744
239.326
227.469
216.462
208.211
180.612
164.629
151.446
132.510
103.028
74.536
56.911
50.690
40.130
45.919
44.321
48.711
52.917
67.771
83.307
80.391
80.809
62.004
54.251
43.178
27.752
21.655
22.718
16.005
16.767
12.780
6.258
4.778
12.626
26.243
5.218
27.078
40.349
46.380
25.018
16.613
1.363
-16.811
-27.466
-37.990
-42.328
-48.396
-56.296
-59.784
-75.730
-78.376
-79.350
-79.313
-73.268
-66.072
-81.249
-80.750
-62.429
-62.195
-51.598
-41.383
-38.224
-20.834
-21.171
-20.974
-20.717
-33.197
-40.452
-44.197
-44.731
-42.745
-34.369
-17.412
-4.712
-8.713
6.537
6.376
6.281
0.227
-5.438
-17.412
-32.875
-34.428
-46.300
-58.780
-65.090
-54.786
-56.281
-36.539
-21.736
-15.426
7.255
26.272
27.569
31.805
45.061
49.019
57.102
70.806
70.212
70.806
70.300
70.183
70.469
76.016
73.429
93.310
91.435
78.075
69.817
54.412
49.979
49.143
36.502
29.709
29.907
24.132
10.055
10.633
10.773
28.785
32.985
32.736
57.160
53.819
54.361
77.203
73.348
75.041
83.087
73.884
72.117
71.729
73.026
67.962
61.103
73.869
70.937
68.402
60.260
48.249
41.126
32.428
28.009
15.433
-1.876
-24.102
-54.954
-73.817
-77.145
-78.185
-98.403
-113.888
-124.441
-136.818
-136.144
-153.409
-158.151
-161.544
-174.954
-190.733
-202.487
-201.329
-214.490
-226.377
-229.916
-230.855
-242.316
-249.637
-248.252
-247.622
-228.913
-226.993
-243.379
-246.706
-252.004
-266.910
-267.863
-268.639
-269.145
-288.345
-269.431
-247.995
-225.732
-210.313
-189.120
-166.278
-161.595
-143.252
-141.618
-142.226
-141.802
-142.080
-141.699
-148.156
-145.070
-141.927
-133.411
-119.744
-102.574
-85.601
-80.428
-77.760
-54.229
-57.417
-49.377
-36.612
-35.667
-24.212
-28.001
-38.986
-26.037
-19.332
-20.058
-21.113
-20.907
-7.768
-1.840
-4.478
1.766
7.482
27.518
25.481
31.716
30.434
33.959
32.904
31.973
33.446
38.855
51.130
39.184
30.295
29.606
30.002
29.980
27.173
31.783
29.973
30.610
25.583
24.850
29.218
19.867
11.725
10.568
9.915
9.556
16.144
30.669
30.881
28.235
32.200
44.168
48.191
47.362
49.481
49.282
25.627
14.583
-5.005
-26.052
-33.871
-50.484
-52.800
-65.192
-66.467
-55.849
-55.013
-43.295
-51.855
-36.202
-32.288
-33.688
-27.708
-10.846
-11.864
-12.436
-12.202
6.471
18.321
29.350
48.491
73.377
89.947
115.398
121.466
126.017
137.449
135.873
136.620
136.789
136.753
143.385
135.521
144.176
148.412
158.539
156.795
138.130
138.995
137.485
122.104
130.399
139.823
139.295
138.936
139.464
146.045
148.925
141.831
162.849
162.519
145.597
165.736
142.725
141.750
143.150
143.436
121.451
113.874
103.490
78.742
71.963
59.220
39.081
20.226
19.127
17.786
23.421
34.369
39.777
39.243
56.765
38.041
39.060
40.034
39.478
16.613
19.163
18.863
18.562
18.621
18.650
19.193
16.811
19.566
18.929
26.250
38.745
40.122
40.012
40.041
50.763
56.318
41.771
39.565
17.778
20.079
20.534
20.402
40.907
41.544
42.357
30.434
44.431
43.258
43.266
43.904
44.109
43.970
44.028
44.050
44.064
44.168
55.907
66.643
65.082
67.940
86.049
81.307
86.576
73.099
66.790
69.333
67.009
67.537
67.706
67.999
68.556
68.556
72.608
90.475
90.870
90.526
90.665
90.695
91.105
91.288
91.112
91.522
91.493
91.537
108.693
134.488
122.015
135.602
109.432
111.683
112.210
99.085
93.223
89.793
70.454
71.003
62.811
45.948
47.377
47.670
29.460
29.789
9.014
8.486
2.426
-12.626
-12.656
-14.517
-32.706
-33.901
-34.443
-56.486
-56.596
-76.060
-76.881
-76.265
-92.797
-86.004
-98.294
-98.690
-99.459
-123.020
-121.070
-121.290
-135.478
-140.402
-143.172
-142.629
-142.058
-142.087
-141.252
-140.527
-140.541
-134.745
-127.284
-119.362
-118.307
-116.834
-117.655
-117.707
-117.633
-117.611
-117.618
-116.592
-130.721
-121.627
-118.959
-117.414
-117.281
-117.464
-117.406
-117.377
-111.272
-101.658
-95.509
-95.707
-75.166
-84.561
-82.736
-79.064
-74.389
-73.656
-73.854
-73.832
-85.125
-73.957
-74.104
-73.781
-75.334
-93.501
-96.755
-106.047
-111.045
-117.713
-116.058
-115.918
-116.035
-104.237
-99.606
-96.403
-94.446
-94.571
-89.053
-95.355
-94.886
-94.300
-92.702
-85.880
-99.305
-94.110
-88.335
-100.250
-81.717
-72.162
-84.693
-78.661
-74.397
-72.740
-72.901
-74.594
-81.168
-90.745
-77.606
-78.654
-74.433
-73.238
-73.451
-79.043
-72.308
-72.608
-72.791
-73.297
-73.348
-72.835
-67.068
-72.154
-72.945
-65.346
-64.957
-71.333
-73.128
-73.180
-80.699
-91.940
-94.652
-95.472
-83.490
-76.514
-74.836
-75.803
-70.190
-53.232
-55.988
-48.565
-34.165
-10.912
-14.070
-11.938
9.189
8.596
8.618
12.597
21.603
37.096
28.873
29.042
29.914
37.646
51.393
62.642
70.681
52.177
51.342
49.312
59.117
66.116
68.556
68.402
67.281
67.134
74.557
63.777
65.273
58.362
62.825
64.957
65.719
61.367
77.350
99.459
116.028
124.873
123.693
119.699
133.359
150.009
137.119
135.081
113.053
111.866
110.642
109.872
108.290
119.077
125.811
127.527
125.811
137.903
143.824
145.019
132.026
117.274
104.259
87.243
86.239
102.815
104.296
105.959
106.318
106.406
106.678
107.000
113.823
130.201
130.194
129.644
129.945
129.988
113.983
111.140
108.626
108.561
108.223
107.550
107.498
106.186
105.967
122.976
123.994
106.648
104.449
104.699
111.118
