-5.241
-7.393
-9.089
-9.953
-8.881
-5.459
-1.847
1.089
2.399
3.776
6.152
7.326
7.112
6.341
3.857
1.659
-1.533
-2.121
-4.321
-3.497
-5.941
-6.238
4.578
5.984
4.966
6.534
6.220
13.148
11.168
3.684
12.643
7.785
-0.215
-9.877
-13.423
6.366
37.548
4.402
-12.618
9.468
-6.702
-11.982
-5.851
9.709
8.362
-17.617
46.969
59.445
15.731
-14.419
-38.250
-17.861
-3.043
-1.004
19.791
-26.371
-50.528
-3.827
-5.405
-14.291
-1.912
11.538
48.849
42.623
26.104
-15.020
-94.070
-76.726
-9.635
19.774
21.010
17.948
39.507
2.158
-44.836
-39.403
-48.814
28.200
97.592
106.056
55.782
-28.616
-60.252
-27.506
-25.553
-48.807
-58.039
-33.061
-11.203
5.345
-12.736
-12.050
16.262
42.261
69.890
13.648
-41.081
0.374
58.041
75.648
55.445
17.276
-31.189
-91.824
-125.617
-156.782
-166.368
-36.205
139.851
189.669
135.362
42.218
-6.861
-48.816
-55.536
-77.912
-98.706
-41.188
64.487
134.023
127.155
-7.167
-98.849
-74.651
-55.069
39.906
119.141
81.906
112.728
129.018
38.703
-113.899
-213.227
-199.696
-135.205
-78.795
-16.464
-49.697
-66.252
15.647
124.404
154.728
95.919
4.692
-30.542
-9.352
23.996
60.411
8.384
-120.988
-220.242
-228.678
-143.947
-63.096
65.891
169.146
186.777
128.048
32.649
35.710
188.360
287.015
336.391
337.158
218.592
88.256
-55.182
-182.634
-254.017
-298.619
-277.038
-263.170
-398.561
-548.453
-669.477
-830.215
-949.986
-1082.795
-1145.917
-1097.214
-935.146
-537.289
156.552
949.019
1816.886
2504.261
2813.015
2904.090
2760.155
1925.987
486.415
-601.524
-926.089
-753.674
-659.933
-716.443
-852.440
-934.930
-639.539
-140.141
109.011
-98.510
-701.367
-1240.725
-1077.928
-237.661
812.195
1574.411
2064.505
2141.003
1576.834
692.901
-141.769
-889.053
-1441.387
-1735.786
-1773.794
-1686.584
-1439.684
-774.936
189.169
913.710
1120.767
744.216
20.614
-536.661
-893.185
-976.323
-1034.951
-1077.209
-1147.212
-1193.725
-1135.451
-951.953
-490.017
365.358
1409.953
2320.364
2866.602
2884.561
2373.199
1564.512
705.053
-175.242
-1012.371
-1589.907
-1778.633
-1558.052
-994.692
-152.236
771.893
1601.490
2193.186
2392.693
2104.406
1339.456
456.319
-157.432
-661.157
-1183.137
-1569.613
-1876.794
-2033.673
-2059.091
-1995.723
-1744.763
-1060.113
19.351
970.528
1577.520
1828.115
1619.510
1026.319
161.557
-630.044
-1120.398
-1273.878
-1264.676
-1150.365
-914.538
-494.255
95.606
736.740
1046.947
1052.787
724.841
86.584
-477.963
-782.720
-921.659
-784.951
-437.783
-96.094
196.386
426.938
540.758
544.160
329.486
105.044
99.251
299.291
690.028
1088.813
1138.723
990.382
792.897
594.917
406.062
-115.455
-808.801
-1260.024
-1321.636
-977.469
-418.144
113.877
414.565
570.766
586.767
332.030
-20.793
-274.849
-443.413
-435.929
-172.890
173.233
526.696
685.976
473.228
-35.639
-512.984
-767.962
-919.749
-869.549
-622.831
-291.900
-27.702
168.273
417.167
703.483
796.200
550.951
117.794
-232.563
-435.086
-448.299
-260.200
-27.593
145.588
257.800
245.223
31.973
-137.680
44.042
416.809
716.693
865.290
709.808
396.322
132.207
-122.464
-388.182
-618.845
-745.778
-662.406
-478.816
-261.070
38.793
374.170
563.525
449.819
154.520
-114.043
-143.022
-10.190
340.637
662.497
648.254
391.664
-78.090
-548.515
-777.832
-642.769
-330.511
23.301
401.520
627.904
501.962
168.636
-132.590
-252.956
-243.511
-204.081
-301.740
-514.928
-653.853
-605.482
-326.698
67.397
473.286
884.042
1198.788
1388.799
1326.658
908.808
333.893
-118.727
-399.299
-625.656
-859.036
-1023.827
-1049.045
-914.865
-591.261
-212.555
150.969
374.593
502.479
637.076
771.737
806.713
569.635
62.621
-451.324
-845.301
-1100.154
-1165.742
-1075.164
-698.574
-198.434
277.333
539.353
547.269
474.042
290.270
21.819
-188.753
-417.154
-482.641
-325.224
-123.387
-37.012
-110.537
-323.330
-664.926
-1062.273
-1298.940
-1260.367
-1044.166
-609.778
-86.891
284.280
418.376
511.126
654.830
881.794
1230.042
1361.714
1400.634
1454.144
1538.942
1636.104
1710.780
1612.334
1314.614
1041.967
752.778
373.159
-52.052
-511.734
-950.869
-1125.448
-1081.224
-1079.570
-1079.617
-1199.323
-1355.317
-1306.235
-1143.524
-1001.664
-900.028
-922.010
-945.921
-897.975
-792.579
-553.827
-227.393
114.059
424.144
639.256
783.751
871.027
929.026
954.146
919.399
851.581
753.924
605.215
357.754
94.290
-180.931
-416.097
-600.305
-720.815
-708.389
-673.202
-561.461
-406.531
-295.565
-184.222
-50.395
140.165
349.125
545.299
688.761
746.532
694.904
614.500
542.598
530.882
497.907
438.283
312.569
121.129
-84.894
-275.454
-424.379
-562.591
-625.394
-592.865
-446.555
-207.716
54.710
281.150
385.826
412.936
372.395
273.844
105.805
-85.013
-288.715
-415.638
-417.221
-321.719
-163.208
56.993
254.841
344.726
346.735
292.351
196.630
114.077
81.817
84.835
68.859
56.346
2.346
-77.555
-123.041
-147.502
-112.080
-74.814
-51.941
-0.869
88.562
193.315
273.358
296.832
147.760
-3.251
-116.364
-189.200
-192.953
-243.344
-292.878
-301.660
-268.367
-220.289
-174.320
-197.814
-174.673
-166.923
-124.641
-72.985
-67.089
-24.369
17.729
45.286
82.175
124.720
124.812
142.427
157.276
182.293
245.360
301.610
324.955
321.588
284.258
235.271
180.440
112.384
15.099
-76.610
-174.398
-235.279
-238.095
-192.596
-134.357
-56.752
40.930
111.735
195.918
254.883
263.354
193.047
93.867
47.912
43.332
32.650
9.629
-19.614
-17.907
-54.548
-138.007
-231.730
-346.066
-406.059
-404.922
-387.112
-316.138
-244.506
-164.547
-111.818
-102.801
-142.644
-264.125
-415.427
-504.560
-565.934
-575.846
-510.027
-407.511
-289.179
-160.733
-41.473
76.975
151.588
174.139
152.692
80.686
-5.164
-38.537
13.098
87.074
181.205
253.011
280.931
323.349
350.349
414.168
479.491
552.054
640.651
682.388
658.069
579.598
463.702
335.543
211.278
83.851
-48.699
-166.534
-262.327
-305.656
-296.897
-239.954
-175.666
-102.347
-54.061
-22.039
-25.139
-26.547
-51.504
-78.825
-60.053
-42.917
-70.274
-119.534
-192.631
-271.447
-331.207
-379.155
-422.951
-460.584
-475.232
-431.989
-329.935
-185.962
-26.444
133.223
260.579
368.032
456.933
500.610
534.262
540.490
544.574
543.059
487.100
467.901
464.774
399.135
309.644
225.469
105.514
-1.015
-72.133
-142.795
-216.759
-260.116
-303.038
-318.673
-310.960
-301.408
-296.781
-244.145
-172.088
-112.893
-104.765
-100.118
-84.135
-44.691
10.976
48.604
98.186
147.301
166.459
177.338
157.104
80.752
-20.506
-143.697
-261.080
-330.198
-372.440
-363.002
-319.096
-250.239
-203.266
-203.578
-230.405
-259.561
-262.578
-267.365
-231.729
-168.515
-93.292
-17.202
67.663
185.781
308.004
404.342
484.516
546.816
584.857
581.467
539.821
462.951
353.076
239.182
142.709
54.749
-44.350
-151.824
-303.781
-408.904
-448.178
-476.758
-487.726
-500.517
-478.595
-404.572
-322.783
-255.574
-168.072
-63.740
38.319
154.506
265.790
338.341
391.664
403.533
402.073
393.520
355.977
302.868
212.697
122.194
11.604
-84.605
-155.026
-196.135
-189.555
-158.815
-67.311
50.586
156.561
252.412
313.525
380.008
398.294
377.661
342.768
298.467
257.060
193.118
103.927
34.479
-33.516
-96.669
-150.633
-212.054
-251.356
-247.147
-216.029
-186.564
-171.529
-156.762
-152.150
-139.895
-136.698
-132.301
-128.987
-116.053
-62.860
-5.559
32.863
56.029
62.508
74.878
71.922
50.932
19.611
-12.420
-41.393
-49.489
-43.716
-35.388
-25.117
-24.963
-47.860
-102.020
-142.542
-198.720
-242.510
-240.755
-236.016
-210.225
-169.879
-125.833
-96.007
-71.465
-56.860
-50.987
-44.220
-49.260
-59.682
-69.518
-55.548
-27.519
-9.828
1.538
18.356
48.585
70.191
86.693
97.361
102.421
83.217
90.241
108.020
140.631
139.694
106.301
77.330
12.377
-62.664
-94.438
-110.612
-92.874
-76.333
-38.706
25.589
82.866
130.188
179.451
198.911
194.626
171.470
123.793
77.352
35.953
-4.627
-36.239
-56.550
-97.860
-127.098
-136.055
-159.211
-170.017
-182.329
-181.461
-152.510
-122.742
-77.153
-53.767
-40.563
-53.059
-72.024
-64.061
-36.577
12.594
54.452
84.342
99.183
95.476
70.545
29.160
-32.578
-70.078
-88.091
-86.214
-76.822
-72.487
-59.122
-41.568
-9.236
25.851
51.927
58.438
81.474
116.470
154.697
183.865
226.959
261.953
287.876
298.304
315.546
291.909
245.773
209.395
199.327
173.988
159.036
144.206
121.824
113.308
98.001
95.581
69.520
12.374
-52.580
-107.185
-136.296
-135.257
-124.575
-112.439
-91.729
-65.607
-34.165
-4.044
19.442
24.643
6.634
-34.578
-87.842
-117.301
-154.048
-162.363
-152.701
-151.947
-156.744
-149.380
-112.812
-82.510
-61.318
-34.908
5.229
56.208
97.113
111.771
67.328
37.975
6.225
-2.811
22.787
53.681
84.990
