3.396
-25.232
-23.560
-21.846
-21.269
-21.202
-21.459
-22.266
-22.494
-21.456
-21.258
-17.270
-12.997
-10.831
-7.374
1.364
7.745
7.842
12.658
13.586
12.916
9.147
0.357
7.851
16.922
13.969
4.382
5.197
20.644
33.063
19.103
30.283
27.368
3.618
5.224
-18.888
-67.057
-31.526
-6.350
3.604
116.422
143.949
115.760
61.496
76.940
52.414
-117.897
-53.169
54.409
-6.187
-91.491
-88.621
-27.273
-43.395
-79.982
38.293
139.503
121.251
122.943
76.544
39.498
22.512
-113.642
-175.556
-92.609
64.759
105.611
-55.618
-122.725
-93.818
-75.260
-40.731
-18.276
59.902
48.601
-25.815
24.248
98.507
67.317
-11.345
-57.739
21.511
109.606
107.335
88.465
53.217
112.679
187.536
189.286
134.616
107.723
2.565
-194.298
-231.036
-236.689
-116.556
-19.608
-1.934
-42.505
-62.232
-20.701
50.544
122.771
128.136
109.298
86.814
123.340
-39.004
-269.556
-356.651
-235.467
-49.518
110.272
326.277
264.805
125.901
42.932
-181.519
-403.895
-391.668
-284.729
-230.042
-270.494
-238.373
-70.725
53.534
215.328
426.274
443.283
310.326
239.605
188.040
65.662
-0.265
128.324
72.424
-161.528
-287.024
-346.229
-326.109
-147.351
77.850
72.107
-5.831
99.229
192.335
155.642
30.545
-54.476
-70.315
30.751
141.594
58.164
-69.981
-158.677
-276.539
-363.344
-318.200
-129.962
19.943
-79.917
-229.708
-409.199
-538.543
-483.462
-336.891
-43.853
251.193
415.404
663.469
709.567
477.781
338.647
69.939
-290.431
-582.735
-809.546
-1027.986
-1232.212
-1405.858
-1458.957
-1503.295
-1550.179
-1480.947
-1395.370
-1287.358
-1059.766
-735.055
-186.731
1137.853
2982.915
3865.359
3681.887
2866.877
2352.875
2230.080
2226.015
2206.233
1675.229
556.402
-476.202
-1064.287
-1248.331
-996.059
-512.140
-153.367
40.564
312.618
738.131
1320.602
1830.448
1966.860
1694.626
1182.940
669.830
366.796
226.802
52.744
-185.499
-635.705
-1243.426
-1741.349
-1891.306
-1736.679
-1432.444
-1155.831
-1152.272
-1451.073
-1707.772
-1787.588
-1684.170
-1472.700
-1312.502
-1229.311
-1301.828
-1317.865
-963.593
-405.112
104.539
651.285
1140.762
1293.526
1066.428
640.067
111.962
-290.118
-600.526
-877.377
-1067.508
-1120.387
-984.680
-646.281
-143.394
483.221
1206.497
1834.097
2263.351
2351.922
2168.828
1867.399
1433.936
1058.107
754.926
440.215
269.038
236.179
64.870
-212.513
-360.528
-491.707
-675.229
-895.329
-985.928
-770.874
-440.065
-98.680
221.469
494.879
735.091
1035.815
1248.178
1152.949
608.372
-78.495
-651.933
-839.326
-515.629
-179.914
-18.571
-38.330
-453.534
-1086.932
-1611.097
-1914.929
-2108.270
-2112.622
-1890.035
-1352.775
-363.992
859.267
1744.610
2015.698
1850.396
1470.904
909.469
398.212
147.052
235.910
442.168
511.063
501.690
542.611
566.101
583.316
633.022
493.424
70.986
-428.464
-801.462
-930.613
-847.806
-584.400
-395.768
-473.555
-598.936
-467.750
-81.221
371.981
582.205
571.475
532.272
506.171
439.471
386.550
387.781
299.644
7.368
-345.182
-655.122
-846.157
-798.998
-725.225
-795.339
-1051.090
-1331.713
-1467.726
-1450.946
-1408.500
-1391.427
-1282.787
-1081.979
-693.765
-224.471
464.613
1329.479
2190.199
2932.590
3336.461
3332.792
3109.373
2676.502
2182.784
1885.361
1809.362
1720.241
1432.217
871.014
18.833
-930.541
-1743.273
-2483.309
-3092.944
-3341.704
-3194.671
-2745.290
-2019.482
-1153.664
-517.723
-108.773
254.743
366.277
143.753
-298.025
-603.613
-443.146
180.090
839.604
1269.032
1338.369
1105.645
749.676
276.765
-294.925
-763.972
-1015.890
-1194.570
-1428.180
-1641.983
-1700.772
-1514.580
-1192.409
-898.892
-500.616
-51.270
469.362
1006.653
1544.256
1920.130
2086.288
1966.169
1535.624
985.006
366.581
-160.302
-469.860
-785.825
-991.917
-1074.584
-980.965
-642.147
-64.923
561.488
1023.441
1235.369
1270.986
1252.448
1206.589
1109.882
1031.929
894.609
604.106
239.444
-17.045
66.712
336.476
536.347
616.562
496.096
60.506
-667.215
-1351.694
-1876.520
-2167.348
-2246.000
-2143.083
-1873.514
-1493.725
-1046.105
-562.573
-181.214
-6.063
32.544
1.497
19.985
66.506
115.219
278.955
300.683
538.716
732.827
925.485
977.183
860.854
755.190
694.986
775.109
1033.754
1232.497
1208.387
936.722
599.216
339.119
264.110
277.048
156.559
-95.881
-322.337
-390.131
-254.044
-10.467
229.475
413.321
509.255
612.073
685.777
648.384
439.478
137.844
-144.912
-338.607
-437.725
-480.557
-482.152
-505.749
-519.672
-558.061
-606.067
-704.941
-794.982
-869.201
-869.893
-865.519
-872.873
-830.939
-685.996
-397.630
-76.876
259.971
470.690
599.425
697.670
773.313
781.265
800.810
783.719
697.969
484.813
164.269
-171.199
-472.606
-714.439
-902.317
-1053.139
-1064.788
-942.614
-759.754
-606.356
-520.564
-443.561
-334.010
-157.468
36.390
202.039
380.795
533.976
652.990
731.630
756.659
671.664
453.447
182.270
-56.392
-267.587
-517.470
-682.785
-763.630
-715.901
-534.532
-231.807
150.276
509.866
776.375
884.935
877.746
793.612
674.650
564.386
404.940
154.484
-185.944
-519.351
-730.501
-820.638
-739.854
-572.372
-378.047
-122.187
46.631
38.405
12.613
8.726
23.772
-19.121
-55.508
78.742
160.403
250.661
296.062
327.554
335.001
303.940
351.681
370.214
409.549
463.930
514.457
523.121
418.388
204.291
-48.686
-297.624
-470.309
-623.373
-735.501
-725.442
-635.307
-519.991
-399.192
-272.810
-148.905
-28.856
68.228
136.800
242.414
316.352
341.248
360.065
349.194
323.289
249.433
120.581
29.604
-16.838
-18.648
-6.325
62.403
185.335
294.042
363.822
391.830
379.807
350.165
314.116
297.313
266.785
210.791
147.041
74.920
30.704
5.078
-45.642
-23.996
-85.920
-99.430
-112.771
-104.161
-88.729
-53.874
-21.590
-47.725
-100.283
-154.190
-195.243
-232.047
-254.721
-306.801
-345.483
-356.225
-352.292
-332.882
-312.217
-328.253
-387.245
-406.781
-395.091
-364.955
-314.532
-237.256
-132.634
-44.481
-14.181
11.770
14.872
-8.195
-57.856
-132.041
-224.221
-321.941
-423.943
-520.508
-553.661
-550.232
-528.176
-497.180
-440.375
-331.108
-191.096
-44.944
135.477
315.657
480.359
644.536
785.686
876.216
904.587
878.217
827.019
748.769
633.217
503.896
395.363
323.200
278.243
263.596
249.411
221.327
168.350
92.898
18.247
-60.601
-127.294
-169.093
-223.830
-266.848
-330.392
-394.899
-393.070
-286.308
-242.936
-122.705
-38.174
53.098
77.441
102.203
129.399
75.457
1.024
-70.058
-105.241
-144.298
-164.990
-168.885
-146.892
-139.895
-117.740
-89.472
-42.322
1.092
72.848
113.472
104.749
89.009
82.852
69.817
19.786
-46.958
-67.706
-72.729
-81.221
-95.375
-105.312
-91.940
-45.011
22.341
75.827
110.421
131.294
152.999
191.844
243.493
286.965
295.945
252.358
202.995
152.802
96.027
53.219
6.684
-3.105
11.096
5.585
16.598
-1.759
-51.358
-100.611
-162.728
-235.083
-301.409
-355.330
-369.329
-331.733
-259.644
-197.379
-108.883
-84.764
-71.170
-28.744
18.398
127.841
249.195
332.128
404.443
452.746
436.066
404.172
358.523
310.029
259.424
231.293
213.203
206.763
187.840
154.251
123.480
71.979
-1.559
-79.255
-159.555
-224.269
-271.392
-277.904
-249.466
-217.487
-173.418
-166.367
-206.187
-257.135
-312.176
-337.322
-338.933
-332.745
-288.048
-226.673
-147.847
-99.993
-84.178
-96.390
-102.538
-106.322
-115.774
-118.115
-94.285
-51.558
-21.144
-13.796
-12.689
-22.152
-57.365
-85.107
-117.419
-130.815
-103.324
-49.403
46.856
133.725
197.060
241.266
245.958
227.221
213.446
195.310
172.530
160.287
150.763
143.576
138.737
128.860
99.891
57.507
39.473
46.625
56.915
48.519
59.653
45.358
1.631
-44.356
-93.818
-129.170
-162.500
-187.559
-165.538
-131.616
-99.358
-71.065
-60.176
-51.686
-24.673
4.643
14.293
-9.396
-46.296
-74.138
-68.956
-14.917
15.454
36.491
54.678
103.105
100.938
88.763
66.354
27.842
12.570
3.269
7.325
48.603
89.815
102.154
95.196
86.683
63.779
49.193
11.477
-41.969
-93.835
-127.562
-127.709
-97.798
-54.231
-13.974
10.602
18.248
47.390
76.129
105.195
150.588
167.201
193.465
197.854
180.088
173.807
154.418
136.373
120.525
105.463
87.098
53.767
18.077
-14.676
-41.359
-81.005
-137.988
-210.440
-271.772
-299.388
-294.226
-255.561
-159.346
-62.317
-6.685
23.096
13.109
-13.965
-40.615
-47.226
-36.410
-35.758
-32.027
-8.480
26.637
72.790
109.538
135.243
138.515
114.466
87.370
59.920
58.850
81.403
111.916
132.908
118.199
100.188
71.376
46.257
45.704
49.571
61.655
52.733
34.602
46.677
57.261
63.089
72.031
91.149
115.695
129.947
121.756
97.711
60.391
16.797
-17.349
-38.493
-36.453
-31.207
-35.535
-75.181
-118.209
-165.561
-235.150
-320.445
-381.700
-403.332
-431.753
-454.162
-412.222
-357.340
-291.579
-219.082
-164.779
-123.751
-106.356
-98.155
-41.543
43.899
150.390
242.407
318.289
