8.825
8.761
8.697
8.633
8.569
8.505
8.428
8.364
8.288
8.249
8.121
8.083
7.890
7.723
7.672
7.416
7.570
7.621
7.173
7.199
8.096
7.813
8.249
7.339
7.352
7.570
8.428
7.904
6.610
8.672
7.941
5.572
6.276
4.585
6.930
3.984
-0.051
4.201
8.659
10.055
9.863
8.198
7.135
9.876
6.097
5.866
11.080
5.174
4.829
10.285
10.093
2.664
7.045
4.381
4.624
4.624
16.998
5.188
12.566
12.694
-0.294
11.963
8.454
8.889
-0.269
-2.959
12.540
9.158
20.289
11.234
17.894
10.324
7.416
21.852
6.725
-4.585
2.306
-23.696
-42.627
-35.314
-37.632
-40.297
-19.136
-10.209
3.894
-29.946
-32.304
-32.508
-56.269
-48.238
-42.974
-47.315
-29.550
-10.042
-21.865
-37.261
-61.188
-47.444
-44.997
-44.511
28.871
58.498
50.005
26.693
23.979
-12.002
-3.715
39.016
28.974
-5.521
-21.353
15.512
-18.162
-26.104
-12.924
-66.516
-65.351
-9.876
-46.842
-100.792
-54.937
15.960
-11.259
-41.026
-27.731
-31.753
-57.717
-110.783
-59.267
12.387
61.456
96.950
67.759
-26.719
-66.195
-87.254
-62.046
-19.085
49.621
102.252
45.997
0.704
-6.314
-42.923
-134.595
-135.800
-143.497
-38.080
42.499
-53.439
-120.544
-65.210
-29.294
-100.242
-168.718
-101.664
-41.693
-80.221
-151.977
-129.036
-143.843
-34.122
36.774
79.517
120.774
97.974
50.825
9.043
-39.131
-71.153
32.689
-11.976
-55.897
109.745
143.229
-90.660
-82.348
-38.080
-33.367
-95.554
-123.234
-130.906
-12.732
82.694
-165.836
-319.286
-156.049
-45.933
-66.875
-173.829
-176.313
-73.549
-18.675
-75.495
-162.928
-129.817
-152.476
-259.853
-257.687
-126.961
-1.499
8.774
-86.550
-133.302
-125.769
-24.734
-12.438
-34.341
139.744
353.357
321.335
233.339
175.673
102.983
34.776
-42.231
-162.992
60.586
178.555
226.921
148.019
114.703
-3.394
-102.701
-122.337
-98.334
28.409
147.673
-7.019
-222.284
-198.446
-187.790
-214.393
-382.394
-328.981
-257.598
-146.584
-32.201
-71.089
14.973
167.910
37.172
-32.753
46.304
240.742
356.559
377.937
233.043
138.963
98.449
78.262
-15.448
-216.725
-235.157
1.780
334.886
447.553
408.884
166.349
44.217
-7.224
-113.985
-132.918
-100.139
-13.615
106.403
31.497
-114.100
-179.657
-102.521
-76.738
-26.066
47.700
-14.167
-37.402
-59.305
-67.785
-128.139
-107.133
-33.495
-32.496
-46.176
156.870
27.206
-50.069
-94.196
-119.352
-277.349
-217.532
-117.534
-68.962
-131.445
-157.164
-13.385
61.124
197.141
246.455
108.272
-59.164
-360.350
-658.271
-586.542
-288.737
-230.148
-258.444
-118.495
139.450
361.567
438.779
587.502
677.240
662.933
560.065
265.809
240.921
194.809
24.619
-221.259
-129.241
-111.218
36.967
36.735
14.295
-73.715
-154.077
-304.824
-426.931
-391.656
-336.578
-258.071
-74.304
87.382
25.644
-62.469
80.901
171.075
156.703
-74.598
-113.435
62.789
340.856
512.404
436.858
166.669
123.503
87.241
-44.613
-245.110
-420.732
-254.524
3.933
32.035
13.385
17.599
-102.163
-321.527
-360.261
-68.309
87.983
155.678
534.730
549.268
541.890
550.101
438.587
236.848
316.186
465.472
631.872
677.893
566.252
292.335
113.678
227.292
275.467
292.783
481.381
689.832
577.306
460.515
291.772
321.053
351.256
345.787
451.292
504.475
543.440
493.639
68.053
-389.554
-811.951
-1068.447
-1153.818
-993.361
-411.304
287.660
336.654
398.111
611.967
571.759
148.134
-19.136
61.469
406.846
673.474
504.974
78.915
-257.457
-396.855
-359.556
-468.739
-370.085
347.375
1092.554
1113.675
883.104
827.872
761.292
517.502
105.122
-218.569
-177.568
-18.650
80.209
41.372
-10.439
19.482
-39.400
-28.153
-24.849
-169.576
-306.400
-500.876
-646.269
-185.242
477.705
808.441
863.749
976.915
1160.043
1304.885
1345.412
1260.670
992.273
813.309
584.287
432.976
159.021
51.261
47.380
-39.246
-15.627
230.815
700.271
701.539
386.455
96.873
-208.938
-527.352
-736.045
-895.477
-1020.721
-905.724
-689.012
-633.882
-681.288
-789.317
-853.502
-1041.459
-1104.786
-818.649
-270.663
-289.492
-356.571
-191.838
-52.362
131.316
430.222
397.957
230.367
100.947
13.807
-291.106
-839.656
-980.272
-924.834
-722.558
-569.173
-212.114
247.722
483.058
534.154
388.235
-41.949
-608.816
-946.289
-1054.678
-932.904
-645.590
-482.444
-389.247
-372.980
-522.741
-690.152
-540.903
-26.245
-20.776
-145.137
-238.142
-104.110
93.568
284.612
541.903
1057.586
1501.244
1740.654
1360.963
70.218
-924.962
-1292.436
-1450.636
-1678.493
-1413.927
-1121.322
-1011.320
-810.029
-354.369
514.620
1358.426
1510.813
1286.723
857.819
-78.492
-1065.219
-1378.856
-1416.681
-1202.017
-950.593
-618.383
-172.215
309.000
503.386
509.484
446.387
675.255
1167.369
1276.949
1045.122
350.334
-525.071
-865.505
-1230.249
-1447.754
-1144.622
-178.286
503.886
706.483
550.344
-228.611
-1024.987
-1196.869
-1160.120
-1048.452
-544.682
394.474
929.317
1053.986
1176.836
1083.255
680.775
195.078
-434.961
-1041.370
-1290.539
-1388.822
-1373.900
-1287.926
-1279.267
-1299.006
-938.515
122.901
973.112
1591.252
2076.181
2126.942
1476.216
548.179
292.399
429.570
558.605
299.508
-272.315
-580.650
-418.771
-194.195
-48.059
31.048
326.190
846.842
1012.537
655.222
-250.079
-741.003
-1035.900
-1096.499
-1130.570
-1200.084
-1367.571
-1299.684
-842.961
-224.552
59.433
10.580
-178.261
-245.481
-292.617
-252.104
-93.274
174.328
222.515
226.639
409.100
664.970
706.560
629.873
406.936
282.973
396.343
583.095
633.934
519.744
331.967
168.359
51.991
-172.599
-580.316
-794.966
-853.336
-729.820
-258.751
332.119
471.813
453.176
251.143
-122.439
-363.322
-340.637
-327.599
-565.202
-745.473
-537.893
-104.034
219.223
262.555
177.005
86.486
-30.664
-212.268
-379.947
-484.224
-514.082
-509.778
-449.755
-430.312
-422.243
-316.404
-130.394
-0.731
100.408
52.145
113.857
355.098
507.191
298.343
-189.263
-319.759
-329.853
-190.774
49.928
348.157
516.400
556.543
291.029
-85.384
-185.702
-35.763
344.915
581.430
652.673
726.631
800.999
791.995
735.367
639.160
449.179
150.517
-177.914
-362.976
-427.763
-392.014
-128.446
108.593
64.979
2.408
108.336
215.022
197.037
90.276
143.702
452.779
708.891
872.075
943.164
971.511
952.284
896.630
881.823
982.295
1125.203
1215.313
1321.691
1361.923
1102.212
497.700
85.921
-36.057
-5.751
35.750
55.910
72.664
67.861
14.090
32.625
88.074
105.571
56.769
78.812
130.791
237.822
368.547
501.823
542.479
592.408
666.712
785.578
877.878
835.276
512.224
-31.189
-497.841
-736.469
-883.514
-928.665
-902.611
-787.038
-634.907
-348.208
-182.320
-116.368
-43.588
-106.724
-193.003
-220.594
-235.720
-157.330
-40.553
-119.007
-351.922
-461.950
-511.430
-419.014
-278.258
-198.652
-165.464
-209.014
-437.626
-543.990
-468.765
-337.923
-306.963
-387.146
-505.718
-581.904
-592.382
-452.484
-100.715
179.272
147.301
125.308
193.824
322.820
454.662
555.825
503.937
278.053
33.572
-18.239
48.660
196.589
314.686
274.941
132.110
-86.959
-386.800
-580.637
-698.593
-805.725
-850.620
-791.867
-663.278
-540.366
-195.821
123.362
295.205
276.619
38.004
-387.633
-632.345
-711.223
-667.006
-550.651
-444.927
-438.638
-414.904
-366.716
-313.714
-225.473
-125.911
-76.276
-82.451
-144.483
-219.901
-203.455
-129.817
-109.528
-144.406
-174.187
-228.304
-305.837
-284.022
-85.909
4.342
-31.932
-161.930
-258.892
-240.614
-132.097
68.642
255.189
384.521
463.999
394.819
173.162
-75.930
-101.254
-19.828
36.390
36.812
42.384
94.631
194.592
273.788
362.644
402.594
350.577
193.824
101.612
33.879
-65.645
-176.044
-232.237
-268.166
-307.732
-295.064
-270.407
-125.257
43.742
141.831
188.533
232.954
249.297
304.055
359.441
363.232
335.719
283.254
183.448
74.585
21.148
56.193
139.834
242.740
233.748
152.310
35.788
-27.949
-5.406
151.939
241.766
284.548
295.999
292.028
293.220
258.572
147.942
-57.627
-166.285
-178.414
-81.298
157.842
412.918
568.097
570.697
497.660
374.850
289.133
240.512
155.230
72.357
-16.421
-98.769
-184.537
-245.006
-253.973
-212.562
-187.380
-230.610
-315.123
-343.853
-241.600
-55.628
61.752
51.555
50.160
85.614
43.780
-24.683
-132.699
-163.363
-63.032
79.645
178.798
181.987
121.158
59.177
97.539
152.681
187.956
176.326
114.164
45.741
8.056
-43.435
-105.583
-171.254
-249.593
-288.044
-228.586
-83.167
74.611
194.246
221.670
167.181
48.366
-40.681
-111.757
-109.502
-19.597
38.939
39.272
41.795
57.461
-24.875
-140.846
-175.827
-73.381
44.345
74.932
86.075
182.744
320.156
368.523
311.537
212.575
171.139
173.277
236.104
260.416
246.532
276.708
361.401
405.399
355.188
215.265
153.308
154.500
189.455
227.741
264.041
299.432
327.791
381.100
400.224
370.623
376.784
362.823
322.616
235.925
144.521
145.919
187.982
233.083
257.457
245.724
189.993
73.381
-29.242
-76.827
-134.429
-213.574
-307.847
-391.771
-485.070
-499.467
-458.337
-411.894
-409.933
-471.992
-549.984
-575.564
-607.842
-654.056
-659.987
-578.971
-393.628
-313.432
-296.409
-334.131
-358.455
-327.291
-278.413
-250.054
-291.823
-310.063
-275.825
-226.281
-130.292
-67.489
-30.626
-87.612
-151.758
-196.282
-186.214
-166.079
-141.409
-143.894
-191.209
-250.899
-291.427
-302.070
-351.756
-343.634
-312.356
-260.160
-249.670
-222.694
-207.849
-221.977
-232.813
-257.572
-222.092
-176.877
-111.245
-57.755
2.741
74.086
106.671
80.722
73.074
65.978
30.549
2.549
-78.211
-123.387
-181.757
-238.487
-264.438
-247.210
-164.593
-74.073
-53.592
-69.872
-74.713
-114.357
-178.350
-186.739
-133.174
-50.518
22.108
75.802
95.541
71.319
23.875
-11.835
48.775
134.787
210.462
231.148
240.101
244.290
154.052
48.866
14.026
40.604
95.644
134.928
156.742
125.001
108.734
100.651
97.091
78.352
50.902
21.442
85.077
187.035
270.202
330.249
349.296
380.857
396.740
406.117
406.002
401.582
350.001
200.829
91.673
41.629
28.449
66.824
109.707
149.274
114.025
56.845
-16.459
-65.427
-87.023
-85.550
-93.363
-127.602
-194.091
-247.223
-241.574
-219.940
-185.677
-163.467
-142.844
-141.767
-107.773
-98.654
-127.870
-104.904
-56.025
39.221
181.847
315.417
394.268
445.990
466.587
462.847
404.284
308.898
219.338
173.469
154.615
185.574
232.736
251.207
227.856
199.638
147.083
112.974
119.378
145.764
160.110
136.120
87.997
6.981
-26.885
-39.528
-26.591
-16.011
-17.177
-18.317
-19.443
-20.648
-23.299
-38.221
-37.428
-34.891
-32.534
-25.348
-33.380
-72.613
-113.563
-221.555
-297.549
-337.525
-272.879
-34.955
84.052
91.301
49.800
-37.696
-101.728
-129.753
-122.682
-122.414
-108.414
-57.293
73.945
191.569
223.924
250.578
301.661
369.304
406.706
379.923
261.825
182.398
181.911
279.142
395.459
466.638
463.807
359.979
214.163
83.847
7.506
-14.820
-32.009
-49.468
-66.299
-90.481
-101.241
-82.027
-6.199
22.685
-47.803
-128.331
-177.466
-127.934
-42.333
-13.180
10.157
46.138
114.831
183.140
223.001
239.730
225.384
226.319
240.665
218.262
159.265
78.211
33.533
6.583
-38.747
-93.414
-154.693
-172.381
-155.985
-81.630
-52.503
-87.663
-162.069
-242.420
-241.152
-139.898
-80.939
-69.590
-85.435
-84.500
-59.727
-104.354
-173.738
-216.955
-244.546
-252.577
-222.643
-150.619
-127.602
-157.869
-193.874
-235.042
-271.829
-294.283
-261.786
-231.866
-228.355
-245.379
-291.823
-312.202
-289.108
-272.417
-252.500
-286.175
-344.711
-353.331
-375.875
-372.827
-373.211
-398.008
-425.675
-451.703
-448.346
-450.115
-442.801
-408.550
-352.845
-293.040
-286.379
-276.542
-245.340
-200.880
-164.580
-113.294
-59.663
41.949
92.979
163.991
207.593
230.187
243.611
199.791
189.224
188.687
207.081
180.028
153.001
183.179
218.826
259.288
278.835
243.085
185.766
171.920
176.864
189.404
180.578
141.179
93.005
52.964
42.320
-4.086
-36.659
-83.924
-119.148
-126.001
-141.255
-137.746
-140.692
-119.416
-124.144
-141.281
-136.952
-104.546
-89.841
-65.299
-61.405
-44.716
-21.378
13.590
38.170
55.961
62.904
80.196
58.382
93.299
110.566
109.592
82.399
26.092
-5.265
-0.627
51.222
77.186
60.688
49.800
37.709
55.270
88.650
87.458
89.072
87.049
87.433
85.256
100.037
95.298
102.765
113.435
119.493
101.664
115.189
78.339
76.341
96.245
128.408
154.372
148.761
132.955
106.735
82.835
52.810
30.587
2.408
-8.467
39.259
95.349
152.937
161.135
171.088
167.846
150.978
167.552
210.897
250.412
286.456
298.587
296.268
258.994
260.672
222.246
255.203
261.697
264.246
245.865
223.744
203.801
189.584
190.902
186.509
189.878
222.809
216.738
213.523
176.813
128.165
69.181
0.410
-31.728
-70.871
-99.474
-94.951
-95.156
-110.130
-108.055
-97.974
-90.622
-116.816
-152.003
-186.406
-214.842
-228.381
-210.167
-198.075
-165.951
-113.486
-55.884
-0.576
3.535
1.038
-25.964
-28.730
-49.416
-71.959
-121.350
-136.568
-139.360
-119.212
-132.597
-136.491
-138.642
-117.764
-118.879
-111.399
-121.582
-131.854
-117.214
-94.951
-66.721
-66.107
-63.583
-64.722
-64.569
-56.551
-26.258
-1.486
7.634
44.126
45.125
63.262
42.000
16.433
-37.786
-64.800
-63.596
-16.382
49.903
81.643
80.298
69.077
31.497
5.022
-27.091
-66.120
-94.401
-99.589
-101.331
-100.306
-100.728
-87.753
-69.155
-49.839
-25.708
-14.026
-10.388
-7.327
32.265
70.743
108.016
116.688
118.225
114.319
82.003
101.203
117.457
136.248
158.727
193.298
184.665
154.167
151.426
117.239
119.570
106.364
67.938
30.818
5.393
19.379
42.691
38.568
38.413
72.856
72.216
93.235
91.583
98.577
111.693
89.251
91.173
54.809
50.467
29.025
12.387
11.592
9.876
10.132
9.158
9.260
9.171
9.235
9.324
42.717
28.769
-1.486
-60.073
-97.206
-95.477
-64.236
-29.780
-25.656
-9.556
-1.614
-29.562
-25.527
-26.578
-26.015
4.073
22.313
45.471
15.371
-16.344
-45.599
-78.556
-100.947
-129.395
-138.156
-151.747
-134.070
-124.515
-117.495
-105.019
-95.464
-99.076
-103.316
-135.875
-151.683
-171.113
-210.654
-244.827
-244.661
-260.006
-275.018
-281.871
-301.071
-295.820
-271.726
-234.965
-190.134
-149.837
-113.961
-89.136
-59.945
-49.698
-25.772
-33.751
-36.057
-6.212
12.398
35.916
48.379
78.838
123.925
159.368
155.269
155.422
152.540
133.570
109.964
104.021
65.095
32.163
-8.172
-27.680
-54.656
-25.220
-24.977
7.083
8.979
10.618
10.145
10.349
16.870
43.371
53.375
80.157
83.001
82.374
43.089
3.805
-46.547
-74.547
-98.692
-87.164
-95.605
-128.331
-163.312
-190.109
-172.228
-158.189
-132.187
-114.332
-107.108
-97.129
-97.577
-98.474
-117.303
-126.692
-139.654
-154.423
-147.237
-126.730
-75.892
-43.627
-15.845
14.589
12.630
47.329
80.554
122.401
120.198
123.925
122.132
121.914
155.537
151.656
125.372
113.307
108.272
119.442
152.886
175.852
205.517
197.000
159.764
161.250
155.614
157.062
141.447
118.225
95.900
84.077
84.000
84.794
84.909
85.077
85.024
101.612
124.053
160.687
154.576
130.752
103.751
83.796
84.756
82.003
51.889
88.034
47.700
40.681
6.391
-23.261
-21.941
-24.235
-1.345
12.796
12.411
-19.431
-25.388
-40.655
-65.581
-67.297
-65.607
-30.383
-1.588
27.961
24.068
-15.985
-58.434
-92.710
-126.564
-101.984
-95.567
-94.747
-115.754
-110.412
-91.071
-85.409
-53.976
-22.159
-1.947
-5.726
-27.014
-34.584
-0.371
24.580
52.606
14.884
18.355
-14.628
-13.769
-14.141
-10.874
-9.927
-7.608
-7.698
-12.694
7.416
7.391
6.276
5.918
21.673
17.356
20.622
35.096
50.800
80.875
82.566
85.333
84.525
85.192
95.169
99.460
121.377
145.226
179.414
196.103
196.423
195.527
196.500
233.940
231.109
272.636
289.108
305.196
296.652
274.544
268.806
249.041
217.481
184.754
157.599
133.647
120.851
86.754
88.765
82.425
77.365
77.019
52.567
51.350
33.175
-3.688
-54.245
-100.664
-139.117
-183.038
-191.377
-206.068
-211.794
-224.077
-242.330
-228.048
-244.686
-239.307
-257.329
-277.247
-276.363
-277.375
-277.567
-297.202
-314.739
-313.291
-314.162
-314.238
-303.390
-278.130
-277.145
-262.491
-241.728
-241.793
-233.671
-201.111
-192.479
-167.168
-169.050
-166.296
-168.206
-166.643
-168.807
-175.507
-175.019
-167.334
-159.214
-128.742
-97.872
-80.490
-69.360
-97.027
-93.517
-95.605
-95.143
-94.964
-86.908
-61.277
-48.135
-18.650
17.574
51.684
60.265
89.226
86.497
123.183
120.761
124.400
134.992
152.579
160.943
159.752
160.289
160.174
165.964
197.230
194.540
196.538
196.001
196.026
184.178
198.460
195.564
234.081
229.688
233.479
229.803
197.755
171.152
157.164
155.205
148.608
144.304
151.502
170.562
184.306
180.989
140.436
122.657
75.047
63.327
24.887
30.114
26.143
25.733
16.831
-15.473
-13.962
-16.665
-13.513
21.327
14.615
15.742
12.027
-21.609
-13.679
-28.064
-57.960
-57.896
-78.582
-80.145
-55.513
-60.407
-39.029
-21.916
-57.602
-56.218
-74.265
-96.117
-94.427
-94.862
-94.836
-94.772
-94.823
-94.811
-95.311
-94.708
-94.862
-94.823
-83.065
-56.820
-59.433
-27.539
-23.851
-20.686
-22.300
-21.673
-21.865
-21.839
-21.839
-21.852
1.102
14.602
15.678
23.990
54.002
50.480
51.030
51.312
51.030
51.158
51.107
50.672
51.030
50.941
50.544
51.120
50.621
51.158
51.363
89.085
84.192
87.868
75.636
51.889
52.055
50.569
51.094
40.873
