-2.626
-2.600
-2.575
-2.549
-2.511
-2.472
-2.434
-2.383
-2.343
-2.306
-2.242
-2.177
-2.127
-1.972
-1.895
-1.806
-1.678
-1.780
-1.447
-1.383
-1.191
-1.447
-0.346
-1.281
-0.422
-0.282
-0.782
-0.422
-1.179
-1.755
-2.511
-4.137
-1.844
-1.985
-1.819
-1.166
-1.447
-1.691
-2.511
1.447
-0.948
3.381
-1.204
1.140
-0.833
-4.061
-0.307
2.383
-2.792
1.601
-2.255
-9.709
-2.959
-4.880
-7.339
-1.998
-2.113
-0.654
-4.112
-16.921
-14.896
-14.448
-14.948
1.550
-1.921
8.544
7.455
-1.652
-1.601
3.100
-2.100
-1.499
-2.049
-5.444
-15.076
-15.397
-2.549
30.523
27.565
13.924
10.746
-1.742
-10.439
-14.717
-2.204
15.101
31.408
38.055
15.717
-2.255
-5.572
28.794
34.917
42.179
56.769
21.737
19.520
45.061
53.157
48.007
20.571
18.637
18.803
23.568
41.218
46.739
14.487
27.961
21.813
-6.994
-8.390
8.646
21.417
4.726
0.474
-35.865
-38.670
-30.331
-8.172
-5.726
-14.487
-8.288
15.832
-12.078
-42.000
-80.490
-81.643
-54.617
-5.534
14.077
-22.210
-11.938
18.727
27.577
21.391
37.044
22.979
-5.252
-33.009
-13.796
3.292
27.654
53.208
94.759
49.788
24.542
49.660
57.819
21.570
29.114
-20.059
-18.714
13.679
51.491
73.523
78.608
82.182
81.195
51.248
3.701
12.526
42.026
42.397
14.103
-21.186
-47.163
-64.466
-88.509
-98.641
-116.547
-87.714
-42.487
-26.976
-58.306
-104.699
-97.385
-100.447
-60.804
-81.157
-79.633
-58.779
-57.512
-39.809
-30.229
-1.819
77.173
149.261
139.514
83.412
32.983
50.736
29.807
4.073
17.228
67.272
118.738
143.907
92.325
10.465
-38.504
22.044
108.261
145.751
92.172
28.372
35.134
125.424
125.577
166.221
249.439
277.593
280.743
89.777
-117.892
-142.792
-145.572
-114.946
-152.707
-170.998
-79.684
-26.066
1.627
10.644
-56.705
-89.534
-156.959
-192.311
-134.826
-93.811
-125.065
-128.857
-162.390
-153.206
-53.247
23.555
113.921
109.849
108.234
114.754
113.281
104.149
88.099
106.761
74.854
-9.196
-58.357
62.277
166.156
99.268
37.223
95.183
55.731
27.897
-26.296
-72.370
-58.203
16.793
139.603
204.416
185.741
95.938
-112.371
-180.578
-190.083
-230.444
-188.020
-166.245
-266.538
-433.168
-496.700
-522.279
-436.754
-340.816
-303.043
-288.032
-241.676
-189.763
-204.698
-191.262
-100.011
-30.075
38.656
84.576
118.417
187.803
338.972
409.844
421.768
448.193
513.607
471.915
440.636
504.257
523.534
434.142
336.898
218.211
75.751
-48.583
-57.538
52.260
101.318
73.485
-6.327
-166.207
-92.979
8.224
-56.282
-18.098
146.328
225.166
326.254
113.844
-129.972
-75.610
-43.384
-321.155
-647.011
-528.569
20.635
496.136
433.271
324.575
231.532
11.323
-438.651
-783.784
-753.965
-593.907
-300.188
-54.130
-82.374
-158.816
-159.200
61.854
256.331
303.556
20.276
-337.358
-422.525
-381.473
-29.204
383.061
408.051
305.375
1.678
-203.481
-333.785
-329.032
-35.058
170.408
148.633
18.624
-54.809
15.973
62.942
6.302
-209.130
-324.127
-196.986
74.753
6.058
-111.271
-217.596
-151.811
-93.158
-125.924
-182.820
-249.516
-245.020
-192.081
-278.477
-406.680
-400.583
-372.365
-308.962
-113.460
-32.252
-74.393
-108.568
-67.361
-15.192
-127.806
-221.259
-156.665
21.813
122.439
54.053
-162.275
-235.196
-334.502
-409.984
-390.618
-106.607
151.246
147.827
172.548
243.111
261.121
-77.211
-710.351
-943.523
-901.612
-688.116
-594.303
-577.306
-544.785
-490.078
-432.452
-380.345
-164.619
417.567
1233.335
1913.688
2058.082
1894.181
1574.331
1163.822
697.837
228.958
25.476
30.818
175.212
559.617
1004.096
1240.496
1283.315
1106.618
565.624
-186.214
-347.183
-80.669
86.857
44.409
-4.944
48.917
146.853
219.479
331.543
350.718
219.069
-77.045
-243.829
-231.122
-130.560
-189.455
-314.469
-421.308
-496.112
-512.430
-458.363
-442.481
-233.428
585.197
896.809
923.695
975.968
985.177
566.112
34.686
-54.194
8.172
-55.526
-282.549
-368.459
-443.582
-413.904
-246.941
-258.687
-376.745
-658.450
-716.602
-379.679
173.111
246.185
152.745
-171.779
-527.941
-737.249
-791.867
-701.117
-542.120
-387.005
-365.666
-511.174
-652.379
-601.284
-341.790
-171.536
-315.404
-479.818
-320.271
3.728
6.289
-114.677
-124.579
72.600
318.184
558.515
659.206
726.862
784.962
865.171
870.282
328.943
-723.135
-1117.364
-778.789
-246.762
168.231
666.392
904.687
1082.140
1221.475
1138.922
515.913
-707.508
-1641.116
-1910.205
-1646.432
-1063.170
-706.841
-580.533
-433.578
-27.808
229.240
180.874
-154.423
-533.602
-494.215
49.736
659.360
710.057
312.535
-188.764
-593.547
-746.703
-611.173
-235.413
-366.012
-620.088
-284.292
661.396
1075.351
949.619
106.980
-432.247
-417.413
-289.300
-254.204
-164.273
-132.982
-101.395
-130.509
-135.338
-113.832
155.281
470.711
742.194
1033.954
1274.835
1422.470
1426.312
966.003
370.687
170.191
9.196
-224.231
-147.531
326.484
548.602
301.840
-358.929
-679.200
-625.364
-324.025
-184.831
-233.492
-300.444
3.023
678.777
793.058
571.708
177.197
183.780
695.570
906.147
678.240
397.471
164.567
154.538
212.434
125.705
55.975
307.142
639.710
782.645
835.557
696.594
442.686
4.739
-523.637
-544.516
-302.762
138.642
311.523
329.315
241.254
211.575
307.398
543.734
501.593
214.369
-138.514
-374.581
-393.333
-261.658
-43.640
11.605
-75.841
-246.698
-392.321
-690.357
-1020.491
-1258.709
-1354.430
-1351.343
-1246.746
-971.639
-455.199
-9.671
123.311
12.091
-341.713
-706.828
-909.516
-927.371
-822.211
-482.406
-43.832
76.623
121.005
190.723
247.749
267.486
415.556
732.395
840.541
633.588
371.699
483.853
640.030
535.921
164.119
-346.671
-650.175
-739.453
-599.927
-394.485
-250.989
-181.181
-131.957
-69.168
147.737
340.253
123.221
-411.317
-639.416
-664.483
-644.577
-585.760
-487.247
-160.687
184.793
310.280
435.807
640.326
692.124
711.901
605.203
484.814
64.274
-548.524
-843.666
-887.254
-781.466
-630.103
-488.528
-329.379
-15.512
282.140
437.741
595.789
698.683
614.836
433.733
326.996
116.496
67.208
240.203
617.820
740.529
732.856
610.596
427.238
385.353
401.402
468.712
457.262
321.720
73.753
-102.932
-75.892
132.712
380.115
607.061
723.095
797.541
864.173
901.971
824.862
550.510
235.720
-43.972
-118.391
-180.374
-206.568
-190.685
-12.873
143.152
211.051
229.982
269.741
282.332
229.572
10.196
-162.480
-179.746
-188.572
-315.967
-392.897
-356.624
-160.340
1.716
-40.962
-237.053
-521.793
-683.978
-693.239
-580.650
-471.172
-310.395
-115.445
16.550
90.507
-57.691
-452.613
-643.797
-660.769
-590.051
-338.025
-114.113
112.013
338.294
360.645
6.634
-516.157
-787.755
-814.550
-774.127
-661.217
-559.451
-533.949
-526.148
-551.970
-546.872
-550.997
-622.457
-623.648
-612.184
-586.105
-591.229
-537.560
-439.842
-317.825
-251.616
-130.663
221.349
483.981
494.689
378.821
294.616
204.506
-68.796
-360.760
-550.753
-622.239
-568.455
-355.509
-209.899
-31.843
127.037
210.206
236.848
205.440
179.054
189.442
163.966
70.961
-0.755
35.507
236.720
509.227
749.239
914.037
984.640
985.881
966.003
928.997
844.037
685.362
533.039
513.428
570.966
626.594
578.356
391.603
194.195
115.370
25.284
23.389
50.864
106.339
110.361
59.369
-25.388
-94.375
-87.740
16.561
250.412
358.097
325.114
156.998
65.440
90.392
210.859
311.318
317.236
268.934
298.381
444.018
572.426
628.029
575.718
429.659
251.463
115.664
-38.977
-195.489
-308.706
-385.751
-441.866
-471.249
-473.478
-436.460
-341.393
-283.510
-335.194
-373.659
-410.074
-449.680
-542.453
-669.183
-755.272
-749.009
-581.648
-325.267
-272.302
-345.966
-513.108
-552.906
-520.704
-543.043
-619.050
-649.945
-677.240
-661.063
-634.959
-613.478
-586.323
-528.185
-430.043
-369.496
-324.255
-299.547
-336.077
-292.989
-231.301
-163.184
-112.423
-91.417
-49.109
3.292
-1.063
-78.313
-122.426
-94.401
60.560
187.777
150.349
-46.419
-199.087
-230.636
-264.822
-262.183
-252.500
-152.822
32.996
134.391
180.860
161.570
110.758
21.161
-121.505
-184.562
-167.334
-108.234
-60.124
-64.185
-11.246
82.515
264.822
354.894
339.049
349.451
371.301
375.106
384.494
377.566
391.450
410.394
445.042
512.891
585.888
707.341
795.081
868.643
911.449
933.250
898.346
833.880
771.629
717.985
649.458
584.261
498.890
398.648
251.731
84.949
37.850
153.257
400.583
538.098
610.660
649.637
634.164
512.326
283.075
115.509
79.581
62.520
20.059
-1.051
-38.362
-120.582
-192.888
-256.189
-270.279
-252.923
-125.398
74.830
206.350
285.303
256.689
226.306
225.064
237.168
278.912
334.681
299.905
194.259
109.542
5.290
-92.325
-158.803
-214.868
-225.704
-194.617
-195.116
-193.387
-220.197
-188.456
-159.649
-165.208
-124.707
-46.381
40.886
95.028
15.934
-142.664
-307.463
-397.420
-439.548
-437.639
-373.671
-243.573
-174.571
-148.070
-103.201
-23.619
106.967
161.724
156.498
144.585
137.989
131.854
96.040
49.045
-45.984
-88.240
-94.503
-52.478
-25.951
25.900
50.915
58.574
13.423
-15.742
-48.046
-80.773
-146.559
-175.711
-174.891
-167.513
-158.535
-201.176
-260.801
-288.211
-295.102
-259.661
-216.623
-177.389
-210.564
-298.766
-394.627
-458.069
-495.650
-523.779
-512.571
-420.577
-319.542
-258.636
-207.913
-185.856
-134.082
-81.656
-43.729
-37.594
-93.414
-121.953
-120.928
-84.256
-74.406
-87.612
-85.269
-67.810
-52.119
-89.175
-48.647
-5.623
75.636
118.853
126.513
117.508
114.754
113.947
111.282
109.528
104.187
73.933
26.565
35.173
60.842
99.653
103.585
92.493
52.874
7.058
-33.943
-75.457
-91.391
-91.711
-62.814
-29.486
19.379
-25.399
-60.957
-61.688
-44.549
-2.600
48.994
101.920
173.226
238.679
311.665
395.792
436.986
435.206
388.453
327.163
283.715
215.239
143.664
73.023
61.290
80.926
80.260
90.174
70.269
35.891
35.865
-41.629
-114.997
-146.071
-165.426
-137.284
-129.972
-151.042
-204.877
-230.764
-257.060
-301.610
-342.572
-330.403
-337.205
-301.365
-237.014
-172.099
-175.379
-172.625
-172.829
-177.415
-179.157
-208.194
-255.754
-278.130
-239.103
-173.444
-140.436
-176.877
-126.333
-57.346
-10.618
-13.487
-37.068
-27.923
13.756
77.109
138.220
147.186
122.606
101.344
70.358
38.528
-13.898
-46.842
-70.115
-44.498
-6.110
-27.283
-35.403
-39.720
-74.304
-54.912
-64.210
-19.571
21.609
50.120
44.484
34.277
0.654
11.963
33.124
18.855
-30.229
-34.469
-37.223
-58.408
-103.778
-100.101
-34.699
11.912
88.253
163.620
202.315
281.666
325.126
301.506
112.461
-66.734
7.275
199.049
291.862
216.162
-42.512
-270.496
-272.187
-113.806
107.888
246.557
295.371
323.922
317.095
278.373
209.245
95.784
-45.548
-113.422
-139.258
-131.662
-101.126
-82.489
-74.611
-108.939
-173.650
-168.257
-108.683
34.290
170.370
243.021
216.968
126.410
-22.800
-85.013
-23.440
141.884
289.978
340.292
314.739
341.048
302.045
257.983
206.184
214.406
247.504
277.746
274.557
276.836
297.408
271.931
258.213
194.976
203.097
235.055
294.923
309.666
295.077
216.085
161.186
103.957
40.502
4.137
28.718
54.579
85.230
91.327
60.701
25.669
-49.800
-138.925
-212.882
-286.341
-346.633
-348.181
-319.273
-276.414
-244.854
-214.086
-200.573
-145.188
-106.954
-75.034
-75.662
-71.511
-71.460
-65.901
-116.675
-154.885
-177.952
-152.758
-95.848
-23.069
30.127
54.232
61.520
18.226
-61.816
-167.104
-222.233
-203.762
-171.561
-157.933
-159.432
-146.533
-160.521
-166.784
-167.744
-170.370
-146.866
-140.334
-139.488
-142.805
-170.459
-175.724
-180.233
-148.672
-141.243
-98.730
-72.677
-74.702
-73.432
-46.739
-16.190
-16.946
-62.033
-100.165
-143.421
-119.789
-58.101
44.460
98.986
91.097
43.857
0.833
-38.349
-61.034
-50.493
-38.913
13.039
27.744
30.741
30.754
58.357
81.029
102.572
139.309
180.425
237.873
281.781
325.062
382.420
392.897
374.914
332.402
308.500
294.205
299.406
308.129
322.884
310.755
290.850
241.484
184.101
114.549
45.548
1.115
-4.816
-24.401
-45.637
-81.157
-108.913
-109.528
-110.425
-81.157
-63.377
-14.768
-13.052
-11.605
-15.512
-16.280
-24.414
-18.432
5.892
29.063
61.969
71.179
39.054
-16.049
-77.608
-134.198
-151.798
-127.896
-59.599
-18.573
-2.498
-47.021
-102.521
-143.817
-144.035
-155.397
-135.504
-110.412
-130.279
-142.767
-209.334
-263.643
-305.644
-298.573
-291.555
-261.287
-226.191
-194.924
-185.792
-164.043
-139.258
-139.616
-128.729
-154.026
-187.316
-214.817
-240.512
-229.496
-222.092
-188.482
-179.964
-141.639
-147.352
-143.984
-144.214
-130.047
-102.291
-69.731
-38.272
-21.121
-5.508
0.371
23.056
54.552
81.682
145.572
202.110
221.555
227.728
248.005
265.308
285.765
293.744
298.407
262.568
268.742
250.118
233.684
233.286
224.154
197.499
179.785
163.851
150.555
129.254
115.370
94.465
95.143
95.964
121.518
155.563
186.509
197.192
194.400
164.375
157.254
139.424
122.593
95.964
68.847
58.651
38.170
30.421
27.757
29.281
28.577
8.313
-7.314
-8.544
-14.052
2.856
35.352
27.808
2.293
-5.059
16.870
58.549
60.829
63.046
36.095
13.564
12.398
-0.026
-25.874
-61.431
-76.314
-77.237
-94.491
-109.438
-98.065
-94.209
-87.676
-75.700
-52.927
-36.326
-4.291
12.117
11.886
-1.691
-25.964
-49.045
-79.901
-100.587
-113.217
-138.130
-166.002
-183.948
-203.084
-225.717
-254.255
-268.575
-259.199
-250.695
-239.576
-215.674
-197.998
-168.948
-128.395
-87.855
-70.218
-42.410
-42.115
-9.350
9.492
39.798
63.366
93.478
123.323
119.519
115.792
87.382
82.206
83.423
106.006
107.159
108.888
137.016
137.951
158.304
165.605
173.188
171.459
164.004
127.307
94.043
68.770
40.284
30.280
10.260
-13.820
-50.493
-84.730
-107.428
-88.599
-84.256
-90.328
-121.005
-151.362
-192.426
-241.804
-264.617
-251.936
-251.783
-214.689
-202.110
-175.468
-163.043
-129.510
-149.505
-125.129
-121.543
-110.066
-77.429
-49.045
-33.085
23.133
23.363
28.961
29.191
58.702
94.145
148.929
202.649
237.296
243.586
233.198
223.284
199.780
170.857
156.268
137.273
132.597
132.149
132.238
130.202
99.230
99.191
98.564
134.749
129.727
132.635
131.905
123.643
96.912
50.109
26.834
-5.097
-28.141
-50.390
-75.969
-75.751
-60.804
-81.413
-85.499
-125.756
-155.013
-219.722
-237.321
-250.143
-234.607
-214.689
-178.401
-158.560
-123.362
-94.580
-51.069
-10.145
27.142
43.883
61.752
85.307
95.605
96.937
98.961
114.524
107.402
114.665
123.144
134.338
165.029
173.573
201.381
165.989
145.201
132.174
131.034
132.187
152.361
165.656
167.117
164.823
128.947
134.057
131.867
134.583
138.733
132.597
91.353
64.146
33.418
31.227
58.562
62.955
100.677
109.451
134.659
132.865
145.815
156.870
124.617
91.404
54.168
20.251
16.011
10.029
7.327
2.959
-36.940
-49.852
-73.125
-96.156
-111.181
-113.755
-113.780
-144.561
-157.279
-146.186
-146.840
-112.333
-106.927
-72.908
-85.973
-111.808
-110.284
-111.090
-92.250
-78.851
-76.610
-94.926
-111.642
-112.499
-120.915
-148.531
-145.572
-151.195
-183.460
-178.465
-181.411
-184.255
-203.071
-204.903
-201.765
-215.649
-220.926
-228.920
-250.604
-265.911
-267.832
-290.005
-308.885
-311.882
-314.931
-316.826
-318.568
-307.566
-290.914
-278.746
-247.466
-212.856
-179.195
-147.160
-119.122
-93.018
-60.586
-40.604
-11.886
-8.748
-7.583
-7.647
-8.736
-14.218
-57.282
-79.043
-75.265
-44.062
-16.229
-9.388
-6.698
-11.195
-23.862
12.206
10.081
45.690
63.313
84.180
98.102
122.927
153.668
168.935
183.486
202.969
192.490
202.481
200.023
183.140
204.659
219.645
235.669
235.362
232.928
225.371
222.348
236.093
217.776
233.018
234.863
265.399
296.588
334.796
366.986
335.937
331.940
305.375
306.067
304.748
298.394
306.502
279.616
271.381
249.426
235.784
235.874
235.439
216.418
201.392
201.957
189.891
165.208
140.142
121.326
96.744
80.965
52.874
24.247
15.883
-10.017
-11.080
-44.729
-42.026
-70.539
-76.392
-79.415
-77.968
-78.556
-77.915
-108.234
-116.701
-122.375
-146.648
-142.216
-148.710
-147.507
-147.609
-147.980
-147.635
-175.993
-180.284
-183.371
-181.040
-180.322
-182.513
-193.861
-187.585
-183.166
-201.317
-218.788
-217.724
-218.300
-203.839
-183.102
-176.172
-157.778
-147.224
-115.562
-115.701
-90.545
-79.517
-68.578
-78.864
-77.455
-95.759
-109.425
-98.820
-82.131
-77.544
-70.282
-40.284
-43.806
-43.870
-43.627
-17.522
23.760
26.540
36.172
21.813
15.422
-11.554
5.687
13.654
-3.881
-13.321
4.342
20.212
20.969
40.655
66.376
92.095
98.346
134.287
158.189
161.007
187.662
182.603
181.040
178.209
151.054
174.610
149.709
151.310
130.688
128.152
93.389
97.155
94.875
71.831
62.392
53.285
53.079
40.412
25.989
26.963
26.373
24.503
-11.938
-18.381
-46.266
-43.524
-43.089
-44.305
-42.744
-43.960
-42.923
-43.883
-43.870
-26.015
-9.196
-8.940
7.237
27.065
26.733
4.099
-10.068
-45.676
-40.911
-44.780
-35.865
-6.943
-10.068
-9.260
-9.184
-45.305
-38.389
-22.685
-8.262
-9.388
2.575
28.257
33.802
58.664
59.868
38.426
26.565
14.090
12.438
-10.503
-8.364
-14.039
-44.254
-42.128
-44.356
-43.678
-43.793
-43.806
-37.479
-38.132
-42.974
-44.498
-72.703
-77.814
-114.857
-110.348
-112.859
-112.718
-112.525
-112.512
-101.190
-75.930
-69.334
-40.719
-44.203
-42.730
-31.843
-30.971
-29.909
