18.589
41.111
39.077
37.414
36.069
34.373
33.182
32.693
31.389
27.953
25.634
23.303
21.480
21.193
19.824
19.804
15.540
12.964
13.459
12.530
5.915
2.489
10.598
15.728
-11.407
-37.892
-43.828
-27.942
-4.572
1.187
-8.523
7.965
22.935
-5.569
-31.281
-5.769
51.022
82.472
36.231
-20.349
-42.867
-24.045
-23.256
-23.016
153.800
254.910
143.085
-25.952
-57.774
-93.035
-13.793
-3.793
-175.096
-195.657
-160.780
-180.293
-126.425
-101.186
-32.954
4.509
66.992
94.218
122.939
-46.386
-10.181
141.145
237.744
163.289
108.848
145.931
181.089
105.952
65.898
-16.111
-53.883
-245.957
-268.776
-470.237
-502.639
-248.180
-116.155
-150.818
-101.932
-126.766
-109.987
-19.876
9.227
105.269
-154.998
-320.983
94.244
312.775
321.087
309.245
233.512
160.283
35.323
110.740
-31.627
69.877
262.723
-72.081
-710.815
-541.164
-241.310
-47.208
-33.698
-62.514
-52.488
69.642
-200.828
-521.189
-145.053
287.642
314.926
-252.702
-427.323
-328.502
5.951
169.818
255.678
295.704
313.776
328.887
-253.403
-367.737
-143.863
-78.999
52.274
185.414
96.158
98.593
9.729
-36.734
-138.212
-177.283
-216.404
-232.885
-222.862
-486.424
-408.559
-73.679
116.280
139.305
148.731
-104.248
119.126
84.148
-100.410
-400.278
-343.054
-280.838
-180.520
-78.257
122.885
117.357
-27.090
140.879
266.557
168.555
139.291
316.120
318.484
-76.443
70.978
60.939
-12.809
-132.246
248.249
395.904
505.848
658.588
744.106
870.178
952.607
1034.432
1065.475
1063.330
1526.961
1926.320
1910.410
1734.181
1235.885
1219.056
1618.417
1711.648
505.986
-57.198
-295.803
-929.648
-1897.573
-2657.135
-2909.561
-3490.268
-4165.360
-4786.530
-5296.592
-5264.321
-4530.753
-3347.255
-3103.211
-1598.762
-126.104
1713.801
2091.801
2793.536
3551.769
4287.704
5628.135
5618.620
4651.879
3482.909
3105.962
3235.148
3245.054
2621.601
1558.793
422.658
-563.057
-2104.750
-2866.522
-1524.439
-362.077
-260.758
-608.368
-810.487
-1243.955
-1652.773
-1663.529
-1561.251
-1830.185
-3078.202
-4721.518
-5447.646
-4070.815
-396.561
1784.355
3607.405
3859.241
4069.119
4140.638
4231.777
3904.112
3063.211
2167.586
1236.414
-254.519
-1832.571
-3481.071
-4461.831
-3723.114
-532.673
642.817
156.416
-388.616
-1133.979
-1899.051
-1744.716
-1515.346
-993.952
-221.002
203.218
-178.070
-870.215
-1361.611
-1309.051
-1480.884
-1240.884
263.608
872.302
1320.776
-192.532
-2062.499
-2027.285
-776.957
1206.457
2761.321
3503.314
3852.414
4334.027
4637.983
3665.377
1951.498
429.078
-472.480
-1142.869
-2183.671
-2373.332
-1061.939
-327.402
-35.876
-7.469
-41.671
-162.227
-610.180
-1244.096
-1519.727
-1743.765
-2226.050
-2696.342
-3006.097
-3080.304
-2942.294
-2855.022
-2043.385
-665.196
816.788
1744.144
2303.677
3203.924
4186.801
4647.885
4215.443
2789.485
1416.115
354.132
-551.167
-861.641
-1165.352
-1158.331
-1644.932
-2233.141
-2657.205
-2578.266
-2675.947
-3371.395
-3699.992
-2421.513
-855.551
452.168
1314.224
2479.383
2840.650
2813.930
2730.650
2770.814
2832.707
2786.981
2428.162
1839.839
1373.870
413.184
-510.683
-1678.085
-2456.372
-2497.925
-1865.497
-728.277
257.654
778.706
933.216
601.867
196.799
-111.698
-135.036
39.913
288.375
184.821
-554.902
-1021.444
-1011.948
-1034.737
-1170.253
-1219.378
-1168.017
-844.752
-259.746
154.738
559.415
835.077
910.968
494.529
-670.923
-1465.857
-1868.985
-1758.782
-1327.268
-569.220
-142.090
301.179
794.953
1162.783
1360.210
1376.941
1433.806
1499.010
1340.582
1120.738
956.545
637.815
269.689
-87.441
-451.487
-694.581
-726.317
-247.882
-95.157
-492.713
-862.026
-707.817
-43.795
88.728
112.504
8.328
47.459
210.278
232.078
76.118
35.007
117.961
270.502
286.340
190.517
31.478
-57.719
93.012
489.555
784.569
1006.103
1132.599
1130.054
1023.647
822.889
575.433
332.378
57.276
-277.815
-544.068
-846.705
-1032.112
-967.398
-796.015
-605.477
-310.389
-32.410
115.573
335.565
704.818
1086.032
1156.730
1018.213
705.536
298.253
72.734
-55.990
-59.644
-111.116
-206.319
-514.975
-890.214
-1245.813
-1431.497
-1575.411
-1609.875
-1360.207
-1016.693
-731.012
-527.018
-353.992
-222.280
-64.845
96.926
340.656
682.023
937.487
1176.878
1351.838
1454.447
1309.868
978.075
550.743
217.265
-94.294
-420.149
-732.680
-904.928
-968.609
-983.496
-1000.243
-895.780
-672.815
-402.194
-223.751
-2.325
265.534
424.373
551.559
711.552
779.126
798.189
816.751
826.976
694.527
422.111
235.828
88.801
-93.846
-229.676
-374.819
-551.254
-623.257
-625.904
-612.550
-442.211
-83.092
144.443
241.851
256.582
297.652
390.579
429.935
322.439
206.982
170.458
161.487
164.764
165.590
181.809
65.068
-181.143
-296.953
-274.931
-232.094
-194.427
-188.858
-237.549
-323.542
-418.002
-508.419
-596.476
-639.744
-606.448
-519.004
-323.349
-137.042
-50.105
3.938
97.229
236.898
339.445
428.246
532.617
643.206
697.945
668.531
683.188
718.420
703.239
636.978
513.791
321.706
155.482
58.485
-16.530
-90.440
-222.053
-351.059
-438.911
-430.616
-391.531
-371.404
-355.988
-313.134
-264.246
-206.489
-160.523
-150.504
-168.221
-196.630
-194.582
-130.512
-95.985
-111.345
-128.090
-87.525
-31.075
28.002
62.194
19.104
-28.203
-143.480
-298.364
-348.419
-267.909
-121.431
9.796
101.580
144.086
172.384
261.530
302.122
296.846
286.174
166.844
-16.837
-103.893
-143.320
-194.743
-216.299
-153.253
-7.703
33.796
-62.830
-108.640
-4.126
123.499
227.892
320.771
331.526
249.117
189.321
160.287
181.945
144.910
38.497
10.549
-33.489
-139.757
-197.677
-201.866
-234.799
-292.289
-323.109
-266.564
-134.197
-67.570
7.913
137.607
282.644
386.977
461.030
461.748
387.593
305.108
252.222
236.700
155.832
48.481
-37.076
-100.567
-164.669
-233.092
-278.700
-296.798
-251.097
-140.961
-57.456
-39.388
-45.402
32.602
190.046
305.686
330.007
280.121
189.380
84.027
11.604
10.754
31.175
24.073
35.383
21.941
-79.182
-185.679
-219.594
-220.569
-230.061
-280.735
-337.687
-395.047
-440.957
-444.093
-403.440
-274.405
-125.073
-24.402
32.524
40.820
-24.088
-85.352
-40.951
38.166
127.367
185.463
187.788
160.489
159.628
205.015
225.439
167.409
70.372
-29.166
-98.952
-200.400
-262.518
-194.183
-18.840
84.141
75.982
-11.241
