12.045
22.388
20.092
18.085
17.268
17.155
17.142
16.621
14.106
9.502
6.282
5.636
9.881
17.066
19.508
16.772
1.698
-10.341
-13.682
-4.083
15.397
35.634
53.991
57.919
5.357
-49.604
-80.780
-63.106
7.138
47.281
45.237
28.850
-5.832
-66.192
-55.257
-23.855
28.097
47.316
-36.006
-148.975
-108.668
-70.046
38.668
34.862
-30.247
-25.284
-79.835
-117.104
147.535
240.144
274.459
198.185
-245.501
-504.500
-397.437
-152.053
174.303
203.883
133.349
38.988
1.607
74.622
-54.889
-401.654
-140.758
132.718
113.411
101.433
-51.857
64.668
420.922
381.159
190.785
-182.626
-500.924
-510.177
-236.466
18.770
122.119
49.063
-236.304
-498.233
-257.246
2.169
203.070
363.074
519.387
192.180
-664.902
-807.528
59.629
92.676
439.627
449.157
-40.770
-464.820
259.946
374.389
439.314
155.701
-217.129
-498.646
-413.740
-526.724
-321.680
119.105
187.291
152.048
122.173
161.727
9.284
143.383
341.030
390.659
-218.727
-394.727
-194.624
453.844
503.891
688.567
782.028
-6.092
-799.019
-603.835
-500.227
-936.183
211.729
331.312
-118.177
-138.033
-198.553
-385.225
-402.973
78.103
144.185
278.296
537.163
156.025
-192.846
78.538
-304.447
-359.922
171.431
199.714
290.202
577.340
514.833
332.496
-100.038
-512.061
-523.280
-383.566
-387.020
-384.351
-613.233
-432.020
443.967
1251.349
538.142
281.146
354.599
147.632
36.079
855.488
1424.961
1476.237
1255.451
1157.779
1168.540
1138.141
773.622
1122.440
1563.059
1722.659
1784.701
1976.306
1787.936
782.458
-268.644
-1156.302
-2395.110
-3137.299
-2704.987
-1939.083
-1674.104
-1183.989
-1502.727
-2103.661
-2062.573
-1287.145
-273.008
312.606
563.212
922.995
1452.912
1728.627
1891.702
2280.097
2960.233
2814.858
673.905
-2688.139
-6157.619
-6642.656
-5443.426
-4040.354
-2733.541
-1389.274
-252.888
831.746
1439.995
2035.898
3012.820
3939.412
3675.986
2059.305
463.477
-1172.445
-1841.445
-2214.587
-1012.958
489.622
570.262
718.139
1253.714
1657.717
1476.016
436.580
-788.306
-1903.676
-2953.468
-3740.377
-3544.770
-347.905
2361.561
1363.871
84.288
753.673
1100.851
1047.896
839.129
533.521
-291.337
-710.056
-1080.629
-516.016
31.071
204.152
-249.454
556.753
1866.745
2136.628
1668.108
1171.656
-159.550
-1517.632
-2163.002
-2413.380
-2281.464
-633.245
1019.843
2161.430
3017.563
3464.115
3966.448
4727.409
3882.298
1249.950
-1885.777
-3229.389
-3813.790
-4304.342
-4367.948
-1762.814
754.809
268.106
-1300.846
-1521.565
-1713.920
-1558.844
-771.322
78.624
-151.188
-1064.893
-1171.431
-1216.669
-1041.596
348.173
1241.486
1316.283
1575.972
2332.073
3361.246
3763.118
3424.097
2487.813
1829.052
1167.205
679.463
318.836
-435.510
-1029.540
-1669.267
-2594.351
-3109.956
-2507.743
-1490.706
-328.654
-280.739
-575.491
-865.064
-1113.510
-1905.350
-2018.133
-1426.919
366.969
2152.892
3507.315
3626.333
3161.006
2096.301
1851.374
1945.389
2080.502
2077.669
1308.904
-61.208
-1032.784
-1663.754
-1353.668
-1688.485
-2133.934
-1960.306
-1839.188
-2011.308
-2149.047
-2239.365
-1983.241
-1086.572
-213.654
457.187
691.769
886.925
1337.432
2508.807
3755.534
4222.619
2745.673
601.976
-1080.377
-1361.053
-1184.393
-938.057
-1307.591
-1595.999
-1528.293
-1263.379
-1145.935
-1190.673
-1117.879
-466.553
-17.350
566.149
1266.249
1420.189
1238.962
1083.194
1053.795
1018.248
992.829
706.325
4.373
-436.829
-830.583
-1304.674
-1489.043
-1229.553
-859.606
-556.515
-317.664
-142.778
268.798
749.759
842.663
738.415
681.346
519.065
482.131
614.401
738.925
675.535
699.463
848.690
895.082
711.273
426.479
69.010
-287.270
-487.326
-405.092
-558.842
-879.527
-1087.363
-931.842
-357.629
204.113
227.991
-157.366
-567.808
-787.242
-631.377
-457.156
-272.727
-187.461
-188.551
-213.007
-279.958
-314.775
-237.497
-125.720
-94.212
-46.301
-21.229
-74.473
3.534
55.334
135.572
121.282
71.873
137.587
418.471
657.708
803.257
871.770
810.789
670.456
433.341
-84.130
-711.835
-1099.216
-969.809
-213.297
197.225
69.762
-446.759
-504.003
-286.137
208.741
497.377
313.903
-79.275
-24.839
197.310
375.520
636.111
584.022
275.914
-202.928
-675.471
-945.894
-861.742
-632.666
-637.834
-614.044
-509.892
-182.010
61.681
250.211
309.981
410.987
584.675
685.007
632.581
464.663
384.738
473.310
510.277
448.487
305.338
129.286
-154.654
-436.018
-712.971
-781.756
-615.731
-374.252
-299.523
-346.466
-307.742
-28.385
190.154
379.153
559.523
515.181
308.263
276.455
298.206
314.221
374.246
419.198
353.337
195.939
49.186
67.447
176.065
194.245
139.121
55.101
-38.519
-43.136
54.737
101.930
27.079
-39.652
-127.229
-262.660
-395.958
-412.754
-244.480
-111.741
-141.065
-253.591
-271.594
-259.332
-260.946
-238.016
-124.147
-29.244
45.862
19.408
-119.420
-85.849
19.181
25.461
15.897
101.324
154.548
53.085
-103.521
-109.847
-84.325
-147.222
-187.583
-120.004
-13.952
126.548
277.915
357.439
295.760
126.550
-87.588
-359.418
-419.935
-225.481
-52.499
-36.957
-33.969
-39.317
15.388
194.422
267.457
193.906
85.043
-28.830
-44.822
65.327
83.942
-53.098
-222.038
-264.520
-142.903
45.043
209.210
325.202
432.169
523.066
461.627
323.360
276.825
181.781
-43.587
-236.526
-274.591
-176.859
12.904
107.077
168.596
202.703
149.868
129.046
169.365
117.195
-51.146
-127.181
-34.765
37.558
-111.188
-390.510
-470.114
-426.600
-256.132
-24.384
79.866
105.567
119.384
125.955
108.677
88.302
55.572
7.586
9.593
9.673
56.839
138.781
111.536
-16.504
-74.252
-123.678
-218.576
-300.840
-309.507
-244.240
-165.054
-172.224
-170.946
-165.073
-164.195
-189.447
-201.328
-84.269
74.488
52.356
-152.859
-261.218
-157.487
63.295
193.650
193.908
146.586
132.614
153.809
108.964
-51.241
-177.309
-252.075
-300.978
-321.025
-271.492
-131.121
49.861
221.130
310.445
297.671
47.805
-276.812
-328.282
-309.648
-337.818
-292.081
-188.357
-75.260
-14.311
48.256
185.468
362.361
510.276
535.699
382.152
282.607
291.820
243.814
159.872
126.135
106.454
92.091
93.933
118.205
99.953
-58.478
-188.043
-171.037
-125.702
-208.888
-397.099
-429.187
-211.078
-21.603
0.839
-64.051
-122.405
-82.856
-5.826
60.394
133.224
171.762
163.823
211.247
227.334
156.417
83.455
